facedb/1148479055/1494102574659014940_stereo_right_camera_0.png	1148479055	415	301	212
facedb/1148479055/1494102574922713041_stereo_right_camera_1.png	1148479055	415	301	212
facedb/1148479055/1494102575262533903_stereo_right_camera_2.png	1148479055	415	301	212
facedb/1148479055/1494102575359136104_stereo_right_camera_3.png	1148479055	415	301	212
facedb/1148479055/1494102575436105966_stereo_right_camera_4.png	1148479055	415	301	212
facedb/1148479055/1494102575701073884_stereo_right_camera_5.png	1148479055	415	301	212
facedb/1148479055/1494102575818900108_stereo_right_camera_6.png	1148479055	415	301	212
facedb/1148479055/1494102575916049957_stereo_right_camera_7.png	1148479055	415	301	212
facedb/1148479055/1494102576195086002_stereo_right_camera_8.png	1148479055	415	301	212
facedb/1148479055/1494102576486860036_stereo_right_camera_9.png	1148479055	415	301	212
