facedb/45865005/1490469629771012067_stereo_right_camera_0.png	45865005	502	271	152
facedb/45865005/1490469630552901029_stereo_right_camera_1.png	45865005	502	271	152
facedb/45865005/1490469630850373029_stereo_right_camera_2.png	45865005	502	271	152
facedb/45865005/1490469631808229923_stereo_right_camera_3.png	45865005	502	271	152
facedb/45865005/1490469632768361091_stereo_right_camera_4.png	45865005	502	271	152
facedb/45865005/1490469633734376907_stereo_right_camera_5.png	45865005	502	271	152
facedb/45865005/1490469634347953081_stereo_right_camera_6.png	45865005	502	271	152
facedb/45865005/1490469634486179113_stereo_right_camera_7.png	45865005	502	271	152
facedb/45865005/1490469634628120899_stereo_right_camera_8.png	45865005	502	271	152
facedb/45865005/1490469634916771888_stereo_right_camera_9.png	45865005	502	271	152
