facedb/411129241/1494100038976720094_stereo_right_camera_0.png	411129241	535	328	204
facedb/411129241/1494100039294090032_stereo_right_camera_1.png	411129241	535	328	204
facedb/411129241/1494100039412189960_stereo_right_camera_2.png	411129241	535	328	204
facedb/411129241/1494100039584546089_stereo_right_camera_3.png	411129241	535	328	204
facedb/411129241/1494100039773624897_stereo_right_camera_4.png	411129241	535	328	204
facedb/411129241/1494100039953922033_stereo_right_camera_5.png	411129241	535	328	204
facedb/411129241/1494100040034863948_stereo_right_camera_6.png	411129241	535	328	204
facedb/411129241/1494100040235742092_stereo_right_camera_7.png	411129241	535	328	204
facedb/411129241/1494100040345256090_stereo_right_camera_8.png	411129241	535	328	204
facedb/411129241/1494100040547688007_stereo_right_camera_9.png	411129241	535	328	204
