facedb/396291484/1491074507229088068_stereo_right_camera_0.png	396291484	514	256	151
facedb/396291484/1491074507453502893_stereo_right_camera_1.png	396291484	514	256	151
facedb/396291484/1491074507611035108_stereo_right_camera_2.png	396291484	514	256	151
facedb/396291484/1491074507724328994_stereo_right_camera_3.png	396291484	514	256	151
facedb/396291484/1491074507954130887_stereo_right_camera_4.png	396291484	514	256	151
facedb/396291484/1491074508083093881_stereo_right_camera_5.png	396291484	514	256	151
facedb/396291484/1491074508408997058_stereo_right_camera_6.png	396291484	514	256	151
facedb/396291484/1491074508608123064_stereo_right_camera_7.png	396291484	514	256	151
facedb/396291484/1491074508711551904_stereo_right_camera_8.png	396291484	514	256	151
facedb/396291484/1491074508840862989_stereo_right_camera_9.png	396291484	514	256	151
