facedb/467240236/1490466513080419063_stereo_left_camera_0.png	467240236	462	298	179
facedb/467240236/1490466513180310964_stereo_left_camera_1.png	467240236	462	298	179
facedb/467240236/1490466513315562963_stereo_left_camera_2.png	467240236	462	298	179
facedb/467240236/1490466513451133012_stereo_left_camera_3.png	467240236	462	298	179
facedb/467240236/1490466513522672891_stereo_left_camera_4.png	467240236	462	298	179
facedb/467240236/1490466513680840969_stereo_left_camera_5.png	467240236	462	298	179
facedb/467240236/1490466513763721942_stereo_left_camera_6.png	467240236	462	298	179
facedb/467240236/1490466513848284959_stereo_left_camera_7.png	467240236	462	298	179
facedb/467240236/1490466513919117927_stereo_left_camera_8.png	467240236	462	298	179
facedb/467240236/1490466514009546041_stereo_left_camera_9.png	467240236	462	298	179
