facedb/1842018186/1490468290930804967_stereo_right_camera_0.png	1842018186	576	353	180
facedb/1842018186/1490468291035196065_stereo_right_camera_1.png	1842018186	576	353	180
facedb/1842018186/1490468291244967937_stereo_right_camera_2.png	1842018186	576	353	180
facedb/1842018186/1490468291329850912_stereo_right_camera_3.png	1842018186	576	353	180
facedb/1842018186/1490468291405432939_stereo_right_camera_4.png	1842018186	576	353	180
facedb/1842018186/1490468291508888959_stereo_right_camera_5.png	1842018186	576	353	180
facedb/1842018186/1490468291609945058_stereo_right_camera_6.png	1842018186	576	353	180
facedb/1842018186/1490468291814682006_stereo_right_camera_7.png	1842018186	576	353	180
facedb/1842018186/1490468292017518043_stereo_right_camera_8.png	1842018186	576	353	180
facedb/1842018186/1490468292132921934_stereo_right_camera_9.png	1842018186	576	353	180
