facedb/641485695/1495065253355046033_stereo_right_camera_0.png	641485695	397	263	154
facedb/641485695/1495065253660723924_stereo_right_camera_1.png	641485695	397	263	154
facedb/641485695/1495065253839819908_stereo_right_camera_2.png	641485695	397	263	154
facedb/641485695/1495065253937849998_stereo_right_camera_3.png	641485695	397	263	154
facedb/641485695/1495065254116699934_stereo_right_camera_4.png	641485695	397	263	154
facedb/641485695/1495065254572374105_stereo_right_camera_5.png	641485695	397	263	154
facedb/641485695/1495065254750854015_stereo_right_camera_6.png	641485695	397	263	154
facedb/641485695/1495065254958596944_stereo_right_camera_7.png	641485695	397	263	154
facedb/641485695/1495065255049612045_stereo_right_camera_8.png	641485695	397	263	154
facedb/641485695/1495065255226557016_stereo_right_camera_9.png	641485695	397	263	154
