facedb/1779983685/1495066727324739933_stereo_right_camera_0.png	1779983685	421	274	158
facedb/1779983685/1495066727638051986_stereo_right_camera_1.png	1779983685	421	274	158
facedb/1779983685/1495066727845402002_stereo_right_camera_2.png	1779983685	421	274	158
facedb/1779983685/1495066727950505018_stereo_right_camera_3.png	1779983685	421	274	158
facedb/1779983685/1495066728317763090_stereo_right_camera_4.png	1779983685	421	274	158
facedb/1779983685/1495066728425132989_stereo_right_camera_5.png	1779983685	421	274	158
facedb/1779983685/1495066728641099929_stereo_right_camera_6.png	1779983685	421	274	158
facedb/1779983685/1495066728755336046_stereo_right_camera_7.png	1779983685	421	274	158
facedb/1779983685/1495066728977123022_stereo_right_camera_8.png	1779983685	421	274	158
facedb/1779983685/1495066729188178062_stereo_right_camera_9.png	1779983685	421	274	158
