facedb/386708972/1521906875841670989_stereo_right_camera_0.png	386708972	429	208	42
facedb/386708972/1521906876102497100_stereo_right_camera_1.png	386708972	429	208	42
facedb/386708972/1521906876381087064_stereo_right_camera_2.png	386708972	429	208	42
facedb/386708972/1521906876677603960_stereo_right_camera_3.png	386708972	429	208	42
facedb/386708972/1521906876878665924_stereo_right_camera_4.png	386708972	429	208	42
facedb/386708972/1521906877183495998_stereo_right_camera_5.png	386708972	429	208	42
facedb/386708972/1521906877451317071_stereo_right_camera_6.png	386708972	429	208	42
facedb/386708972/1521906878000778913_stereo_right_camera_7.png	386708972	429	208	42
facedb/386708972/1521906878275429010_stereo_right_camera_8.png	386708972	429	208	42
facedb/386708972/1521906878414558887_stereo_right_camera_9.png	386708972	429	208	42
