facedb/1320910644/1490465894084270000_stereo_right_camera_0.png	1320910644	619	464	345
facedb/1320910644/1490465894202102899_stereo_right_camera_1.png	1320910644	619	464	345
facedb/1320910644/1490465894520184040_stereo_right_camera_2.png	1320910644	619	464	345
facedb/1320910644/1490465894697865962_stereo_right_camera_3.png	1320910644	619	464	345
facedb/1320910644/1490465894812623977_stereo_right_camera_4.png	1320910644	619	464	345
facedb/1320910644/1490465894907835960_stereo_right_camera_5.png	1320910644	619	464	345
facedb/1320910644/1490465894989222049_stereo_right_camera_6.png	1320910644	619	464	345
facedb/1320910644/1490465895083033084_stereo_right_camera_7.png	1320910644	619	464	345
facedb/1320910644/1490465895177129983_stereo_right_camera_8.png	1320910644	619	464	345
facedb/1320910644/1490465895282960891_stereo_right_camera_9.png	1320910644	619	464	345
