facedb/1603782505/1491149708916230916_stereo_right_camera_0.png	1603782505	439	267	161
facedb/1603782505/1491149709022115945_stereo_right_camera_1.png	1603782505	439	267	161
facedb/1603782505/1491149709173858880_stereo_right_camera_2.png	1603782505	439	267	161
facedb/1603782505/1491149709371969938_stereo_right_camera_3.png	1603782505	439	267	161
facedb/1603782505/1491149709469352960_stereo_right_camera_4.png	1603782505	439	267	161
facedb/1603782505/1491149709670669078_stereo_right_camera_5.png	1603782505	439	267	161
facedb/1603782505/1491149709805001974_stereo_right_camera_6.png	1603782505	439	267	161
facedb/1603782505/1491149709931046009_stereo_right_camera_7.png	1603782505	439	267	161
facedb/1603782505/1491149710117398977_stereo_right_camera_8.png	1603782505	439	267	161
facedb/1603782505/1491149710283503055_stereo_right_camera_9.png	1603782505	439	267	161
