facedb/432134184/1505674415883487939_stereo_right_camera_0.png	432134184	459	314	177
facedb/432134184/1505674416088109970_stereo_right_camera_1.png	432134184	459	314	177
facedb/432134184/1505674416346024990_stereo_right_camera_2.png	432134184	459	314	177
facedb/432134184/1505674416527384996_stereo_right_camera_3.png	432134184	459	314	177
facedb/432134184/1505674416725569963_stereo_right_camera_4.png	432134184	459	314	177
facedb/432134184/1505674417044836997_stereo_right_camera_5.png	432134184	459	314	177
facedb/432134184/1505674417248502016_stereo_right_camera_6.png	432134184	459	314	177
facedb/432134184/1505674417450393915_stereo_right_camera_7.png	432134184	459	314	177
facedb/432134184/1505674417630328893_stereo_right_camera_8.png	432134184	459	314	177
facedb/432134184/1505674417912920951_stereo_right_camera_9.png	432134184	459	314	177
