facedb/752751694/1521766889390593051_stereo_right_camera_0.png	752751694	605	378	203
facedb/752751694/1521766889710345029_stereo_right_camera_1.png	752751694	605	378	203
facedb/752751694/1521766889844464063_stereo_right_camera_2.png	752751694	605	378	203
facedb/752751694/1521766890473437070_stereo_right_camera_3.png	752751694	605	378	203
facedb/752751694/1521766890747864961_stereo_right_camera_4.png	752751694	605	378	203
facedb/752751694/1521766891153304100_stereo_right_camera_5.png	752751694	605	378	203
facedb/752751694/1521766891279094934_stereo_right_camera_6.png	752751694	605	378	203
facedb/752751694/1521766891649758100_stereo_right_camera_7.png	752751694	605	378	203
facedb/752751694/1521766891785725116_stereo_right_camera_8.png	752751694	605	378	203
facedb/752751694/1521766892025350093_stereo_right_camera_9.png	752751694	605	378	203
