facedb/365658914/1487207552504167079_stereo_right_camera_0.png	365658914	637	310	155
facedb/365658914/1487207552596683979_stereo_right_camera_1.png	365658914	637	310	155
facedb/365658914/1487207552680334091_stereo_right_camera_2.png	365658914	637	310	155
facedb/365658914/1487207552773351907_stereo_right_camera_3.png	365658914	637	310	155
facedb/365658914/1487207552986618041_stereo_right_camera_4.png	365658914	637	310	155
facedb/365658914/1487207553077409029_stereo_right_camera_5.png	365658914	637	310	155
facedb/365658914/1487207553165774106_stereo_right_camera_6.png	365658914	637	310	155
facedb/365658914/1487207553248271942_stereo_right_camera_7.png	365658914	637	310	155
facedb/365658914/1487207553337802886_stereo_right_camera_8.png	365658914	637	310	155
facedb/365658914/1487207553433901071_stereo_right_camera_9.png	365658914	637	310	155
