facedb/1518488277/1495067319371942043_stereo_right_camera_0.png	1518488277	476	321	222
facedb/1518488277/1495067319471493005_stereo_right_camera_1.png	1518488277	476	321	222
facedb/1518488277/1495067319684413909_stereo_right_camera_2.png	1518488277	476	321	222
facedb/1518488277/1495067320085005998_stereo_right_camera_3.png	1518488277	476	321	222
facedb/1518488277/1495067320451303005_stereo_right_camera_4.png	1518488277	476	321	222
facedb/1518488277/1495067320533421039_stereo_right_camera_5.png	1518488277	476	321	222
facedb/1518488277/1495067320851408004_stereo_right_camera_6.png	1518488277	476	321	222
facedb/1518488277/1495067321034907102_stereo_right_camera_7.png	1518488277	476	321	222
facedb/1518488277/1495067321223510026_stereo_right_camera_8.png	1518488277	476	321	222
facedb/1518488277/1495067321399259090_stereo_right_camera_9.png	1518488277	476	321	222
