facedb/1777662115/1495666052888247013_stereo_right_camera_0.png	1777662115	419	311	218
facedb/1777662115/1495666053078450918_stereo_right_camera_1.png	1777662115	419	311	218
facedb/1777662115/1495666053234771013_stereo_right_camera_2.png	1777662115	419	311	218
facedb/1777662115/1495666053419859886_stereo_right_camera_3.png	1777662115	419	311	218
facedb/1777662115/1495666053516143083_stereo_right_camera_4.png	1777662115	419	311	218
facedb/1777662115/1495666053715683937_stereo_right_camera_5.png	1777662115	419	311	218
facedb/1777662115/1495666053828372955_stereo_right_camera_6.png	1777662115	419	311	218
facedb/1777662115/1495666053996738910_stereo_right_camera_7.png	1777662115	419	311	218
facedb/1777662115/1495666054514034986_stereo_right_camera_8.png	1777662115	419	311	218
facedb/1777662115/1495666054674671888_stereo_right_camera_9.png	1777662115	419	311	218
