facedb/1815165092/1501792059691579103_stereo_right_camera_0.png	1815165092	328	223	145
facedb/1815165092/1501792060140599966_stereo_right_camera_1.png	1815165092	328	223	145
facedb/1815165092/1501792060742042064_stereo_right_camera_2.png	1815165092	328	223	145
facedb/1815165092/1501792060961112976_stereo_right_camera_3.png	1815165092	328	223	145
facedb/1815165092/1501792061250619888_stereo_right_camera_4.png	1815165092	328	223	145
facedb/1815165092/1501792061542310953_stereo_right_camera_5.png	1815165092	328	223	145
facedb/1815165092/1501792061716142892_stereo_right_camera_6.png	1815165092	328	223	145
facedb/1815165092/1501792061922746896_stereo_right_camera_7.png	1815165092	328	223	145
facedb/1815165092/1501792062297768115_stereo_right_camera_8.png	1815165092	328	223	145
facedb/1815165092/1501792062526945114_stereo_right_camera_9.png	1815165092	328	223	145
