facedb/888681327/1490468235792139053_stereo_right_camera_0.png	888681327	369	217	116
facedb/888681327/1490468235879941940_stereo_right_camera_1.png	888681327	369	217	116
facedb/888681327/1490468236000219106_stereo_right_camera_2.png	888681327	369	217	116
facedb/888681327/1490468236121422052_stereo_right_camera_3.png	888681327	369	217	116
facedb/888681327/1490468236331927061_stereo_right_camera_4.png	888681327	369	217	116
facedb/888681327/1490468236524776935_stereo_right_camera_5.png	888681327	369	217	116
facedb/888681327/1490468236693392992_stereo_right_camera_6.png	888681327	369	217	116
facedb/888681327/1490468236807328939_stereo_right_camera_7.png	888681327	369	217	116
facedb/888681327/1490468236897178888_stereo_right_camera_8.png	888681327	369	217	116
facedb/888681327/1490468237829183101_stereo_right_camera_9.png	888681327	369	217	116
