facedb/366162367/1491074283699629068_stereo_right_camera_0.png	366162367	436	307	219
facedb/366162367/1491074284060786008_stereo_right_camera_1.png	366162367	436	307	219
facedb/366162367/1491074284236121892_stereo_right_camera_2.png	366162367	436	307	219
facedb/366162367/1491074284329672098_stereo_right_camera_3.png	366162367	436	307	219
facedb/366162367/1491074284531620979_stereo_right_camera_4.png	366162367	436	307	219
facedb/366162367/1491074284703869104_stereo_right_camera_5.png	366162367	436	307	219
facedb/366162367/1491074284867120027_stereo_right_camera_6.png	366162367	436	307	219
facedb/366162367/1491074285043221950_stereo_right_camera_7.png	366162367	436	307	219
facedb/366162367/1491074285270297050_stereo_right_camera_8.png	366162367	436	307	219
facedb/366162367/1491074285361228942_stereo_right_camera_9.png	366162367	436	307	219
