facedb/1090024431/1497724583651367902_stereo_right_camera_0.png	1090024431	607	344	205
facedb/1090024431/1497724583790680885_stereo_right_camera_1.png	1090024431	607	344	205
facedb/1090024431/1497724583961781024_stereo_right_camera_2.png	1090024431	607	344	205
facedb/1090024431/1497724584692400932_stereo_right_camera_3.png	1090024431	607	344	205
facedb/1090024431/1497724584865485906_stereo_right_camera_4.png	1090024431	607	344	205
facedb/1090024431/1497724584986382961_stereo_right_camera_5.png	1090024431	607	344	205
facedb/1090024431/1497724585259069919_stereo_right_camera_6.png	1090024431	607	344	205
facedb/1090024431/1497724585496547937_stereo_right_camera_7.png	1090024431	607	344	205
facedb/1090024431/1497724585857203006_stereo_right_camera_8.png	1090024431	607	344	205
facedb/1090024431/1497724586271437883_stereo_right_camera_9.png	1090024431	607	344	205
