facedb/510840629/1491146129040563106_stereo_right_camera_0.png	510840629	456	247	109
facedb/510840629/1491146129121726036_stereo_right_camera_1.png	510840629	456	247	109
facedb/510840629/1491146129217645883_stereo_right_camera_2.png	510840629	456	247	109
facedb/510840629/1491146129496496915_stereo_right_camera_3.png	510840629	456	247	109
facedb/510840629/1491146129643712043_stereo_right_camera_4.png	510840629	456	247	109
facedb/510840629/1491146129727468967_stereo_right_camera_5.png	510840629	456	247	109
facedb/510840629/1491146129801843881_stereo_right_camera_6.png	510840629	456	247	109
facedb/510840629/1491146130035362005_stereo_right_camera_7.png	510840629	456	247	109
facedb/510840629/1491146130116338968_stereo_right_camera_8.png	510840629	456	247	109
facedb/510840629/1491146130338702917_stereo_right_camera_9.png	510840629	456	247	109
