facedb/205439622/1490469546195024013_stereo_right_camera_0.png	205439622	426	296	200
facedb/205439622/1490469546774949073_stereo_right_camera_1.png	205439622	426	296	200
facedb/205439622/1490469546980914115_stereo_right_camera_2.png	205439622	426	296	200
facedb/205439622/1490469547047681093_stereo_right_camera_3.png	205439622	426	296	200
facedb/205439622/1490469547135574102_stereo_right_camera_4.png	205439622	426	296	200
facedb/205439622/1490469547709867000_stereo_right_camera_5.png	205439622	426	296	200
facedb/205439622/1490469547797703981_stereo_right_camera_6.png	205439622	426	296	200
facedb/205439622/1490469548115267992_stereo_right_camera_7.png	205439622	426	296	200
facedb/205439622/1490469548342353105_stereo_right_camera_8.png	205439622	426	296	200
facedb/205439622/1490469549017828941_stereo_right_camera_9.png	205439622	426	296	200
