facedb/1559031498/1493486475889195919_stereo_right_camera_0.png	1559031498	545	416	289
facedb/1559031498/1493486476232516050_stereo_right_camera_1.png	1559031498	545	416	289
facedb/1559031498/1493486476357985019_stereo_right_camera_2.png	1559031498	545	416	289
facedb/1559031498/1493486476901313066_stereo_right_camera_3.png	1559031498	545	416	289
facedb/1559031498/1493486477093580961_stereo_right_camera_4.png	1559031498	545	416	289
facedb/1559031498/1493486477598161935_stereo_right_camera_5.png	1559031498	545	416	289
facedb/1559031498/1493486477975044965_stereo_right_camera_6.png	1559031498	545	416	289
facedb/1559031498/1493486478262952089_stereo_right_camera_7.png	1559031498	545	416	289
facedb/1559031498/1493486478461618900_stereo_right_camera_8.png	1559031498	545	416	289
facedb/1559031498/1493486478807240962_stereo_right_camera_9.png	1559031498	545	416	289
