facedb/1986521180/1494457610198803901_stereo_right_camera_0.png	1986521180	598	437	342
facedb/1986521180/1494457610679193019_stereo_right_camera_1.png	1986521180	598	437	342
facedb/1986521180/1494457611040035963_stereo_right_camera_2.png	1986521180	598	437	342
facedb/1986521180/1494457611132925033_stereo_right_camera_3.png	1986521180	598	437	342
facedb/1986521180/1494457611442277908_stereo_right_camera_4.png	1986521180	598	437	342
facedb/1986521180/1494457611683702945_stereo_right_camera_5.png	1986521180	598	437	342
facedb/1986521180/1494457611869065046_stereo_right_camera_6.png	1986521180	598	437	342
facedb/1986521180/1494457612207307100_stereo_right_camera_7.png	1986521180	598	437	342
facedb/1986521180/1494457612386869907_stereo_right_camera_8.png	1986521180	598	437	342
facedb/1986521180/1494457612567145109_stereo_right_camera_9.png	1986521180	598	437	342
