facedb/655431829/1505673813657351970_stereo_right_camera_0.png	655431829	605	376	193
facedb/655431829/1505673814042407035_stereo_right_camera_1.png	655431829	605	376	193
facedb/655431829/1505673814306375026_stereo_right_camera_2.png	655431829	605	376	193
facedb/655431829/1505673814530314922_stereo_right_camera_3.png	655431829	605	376	193
facedb/655431829/1505673814682101964_stereo_right_camera_4.png	655431829	605	376	193
facedb/655431829/1505673814906994104_stereo_right_camera_5.png	655431829	605	376	193
facedb/655431829/1505673815158550024_stereo_right_camera_6.png	655431829	605	376	193
facedb/655431829/1505673815367542982_stereo_right_camera_7.png	655431829	605	376	193
facedb/655431829/1505673815604115962_stereo_right_camera_8.png	655431829	605	376	193
facedb/655431829/1505673815821681022_stereo_right_camera_9.png	655431829	605	376	193
