facedb/191947134/1495672120520525932_stereo_left_camera_0.png	191947134	599	397	259
facedb/191947134/1495672121144912958_stereo_left_camera_1.png	191947134	599	397	259
facedb/191947134/1495672121334917068_stereo_left_camera_2.png	191947134	599	397	259
facedb/191947134/1495672122132927894_stereo_left_camera_3.png	191947134	599	397	259
facedb/191947134/1495672123003784894_stereo_left_camera_4.png	191947134	599	397	259
facedb/191947134/1495672123549139976_stereo_left_camera_5.png	191947134	599	397	259
facedb/191947134/1495672123720761060_stereo_left_camera_6.png	191947134	599	397	259
facedb/191947134/1495672124155397891_stereo_left_camera_7.png	191947134	599	397	259
facedb/191947134/1495672124351780891_stereo_left_camera_8.png	191947134	599	397	259
facedb/191947134/1495672124530981063_stereo_left_camera_9.png	191947134	599	397	259
