facedb/211325948/1490464985262662887_stereo_right_camera_0.png	211325948	605	382	196
facedb/211325948/1490464985386795043_stereo_right_camera_1.png	211325948	605	382	196
facedb/211325948/1490464985514580011_stereo_right_camera_2.png	211325948	605	382	196
facedb/211325948/1490464985635353088_stereo_right_camera_3.png	211325948	605	382	196
facedb/211325948/1490464985766128063_stereo_right_camera_4.png	211325948	605	382	196
facedb/211325948/1490464985920650959_stereo_right_camera_5.png	211325948	605	382	196
facedb/211325948/1490464986160995960_stereo_right_camera_6.png	211325948	605	382	196
facedb/211325948/1490464986834825038_stereo_right_camera_7.png	211325948	605	382	196
facedb/211325948/1490464986964216947_stereo_right_camera_8.png	211325948	605	382	196
facedb/211325948/1490464987095133066_stereo_right_camera_9.png	211325948	605	382	196
