facedb/214711995/1487207387034946918_stereo_right_camera_0.png	214711995	711	366	149
facedb/214711995/1487207387270991086_stereo_right_camera_1.png	214711995	711	366	149
facedb/214711995/1487207387395721912_stereo_right_camera_2.png	214711995	711	366	149
facedb/214711995/1487207387494162082_stereo_right_camera_3.png	214711995	711	366	149
facedb/214711995/1487207387619355916_stereo_right_camera_4.png	214711995	711	366	149
facedb/214711995/1487207387742289066_stereo_right_camera_5.png	214711995	711	366	149
facedb/214711995/1487207387854216098_stereo_right_camera_6.png	214711995	711	366	149
facedb/214711995/1487207387974342107_stereo_right_camera_7.png	214711995	711	366	149
facedb/214711995/1487207388092859983_stereo_right_camera_8.png	214711995	711	366	149
facedb/214711995/1487207388164108037_stereo_right_camera_9.png	214711995	711	366	149
