facedb/1771608804/1491062521629004955_stereo_right_camera_0.png	1771608804	435	216	84
facedb/1771608804/1491062521782356977_stereo_right_camera_1.png	1771608804	435	216	84
facedb/1771608804/1491062521863418102_stereo_right_camera_2.png	1771608804	435	216	84
facedb/1771608804/1491062521969074010_stereo_right_camera_3.png	1771608804	435	216	84
facedb/1771608804/1491062522090233087_stereo_right_camera_4.png	1771608804	435	216	84
facedb/1771608804/1491062522193561077_stereo_right_camera_5.png	1771608804	435	216	84
facedb/1771608804/1491062522510878086_stereo_right_camera_6.png	1771608804	435	216	84
facedb/1771608804/1491062522744612932_stereo_right_camera_7.png	1771608804	435	216	84
facedb/1771608804/1491062522969876050_stereo_right_camera_8.png	1771608804	435	216	84
facedb/1771608804/1491062523080512046_stereo_right_camera_9.png	1771608804	435	216	84
