facedb/1316568234/1490830261002362012_stereo_left_camera_0.png	1316568234	688	538	366
facedb/1316568234/1490830261399348974_stereo_left_camera_1.png	1316568234	688	538	366
facedb/1316568234/1490830261506675958_stereo_left_camera_2.png	1316568234	688	538	366
facedb/1316568234/1490830261627356052_stereo_left_camera_3.png	1316568234	688	538	366
facedb/1316568234/1490830261752265930_stereo_left_camera_4.png	1316568234	688	538	366
facedb/1316568234/1490830262142227888_stereo_left_camera_5.png	1316568234	688	538	366
facedb/1316568234/1490830262394632101_stereo_left_camera_6.png	1316568234	688	538	366
facedb/1316568234/1490830263117906093_stereo_left_camera_7.png	1316568234	688	538	366
facedb/1316568234/1490830263244390010_stereo_left_camera_8.png	1316568234	688	538	366
facedb/1316568234/1490830264003353118_stereo_left_camera_9.png	1316568234	688	538	366
