facedb/622908250/1497719851115607976_stereo_right_camera_0.png	622908250	379	245	116
facedb/622908250/1497719851353065013_stereo_right_camera_1.png	622908250	379	245	116
facedb/622908250/1497719851457720041_stereo_right_camera_2.png	622908250	379	245	116
facedb/622908250/1497719851645217895_stereo_right_camera_3.png	622908250	379	245	116
facedb/622908250/1497719851932307958_stereo_right_camera_4.png	622908250	379	245	116
facedb/622908250/1497719852347101926_stereo_right_camera_5.png	622908250	379	245	116
facedb/622908250/1497719852577378988_stereo_right_camera_6.png	622908250	379	245	116
facedb/622908250/1497719853208615064_stereo_right_camera_7.png	622908250	379	245	116
facedb/622908250/1497719853322242975_stereo_right_camera_8.png	622908250	379	245	116
facedb/622908250/1497719853581290960_stereo_right_camera_9.png	622908250	379	245	116
