facedb/1014253840/1490464742937055110_stereo_right_camera_0.png	1014253840	566	413	259
facedb/1014253840/1490464743083627939_stereo_right_camera_1.png	1014253840	566	413	259
facedb/1014253840/1490464743233061075_stereo_right_camera_2.png	1014253840	566	413	259
facedb/1014253840/1490464743336859941_stereo_right_camera_3.png	1014253840	566	413	259
facedb/1014253840/1490464743460983991_stereo_right_camera_4.png	1014253840	566	413	259
facedb/1014253840/1490464743593543052_stereo_right_camera_5.png	1014253840	566	413	259
facedb/1014253840/1490464743712579965_stereo_right_camera_6.png	1014253840	566	413	259
facedb/1014253840/1490464743861625909_stereo_right_camera_7.png	1014253840	566	413	259
facedb/1014253840/1490464743988830089_stereo_right_camera_8.png	1014253840	566	413	259
facedb/1014253840/1490464744116326093_stereo_right_camera_9.png	1014253840	566	413	259
