facedb/1059074913/1501791916975174903_stereo_right_camera_0.png	1059074913	547	244	154
facedb/1059074913/1501791917310786962_stereo_right_camera_1.png	1059074913	547	244	154
facedb/1059074913/1501791917819377899_stereo_right_camera_2.png	1059074913	547	244	154
facedb/1059074913/1501791917984494924_stereo_right_camera_3.png	1059074913	547	244	154
facedb/1059074913/1501791918220928907_stereo_right_camera_4.png	1059074913	547	244	154
facedb/1059074913/1501791919034941911_stereo_right_camera_5.png	1059074913	547	244	154
facedb/1059074913/1501791919296401977_stereo_right_camera_6.png	1059074913	547	244	154
facedb/1059074913/1501791919873728036_stereo_right_camera_7.png	1059074913	547	244	154
facedb/1059074913/1501791920776379108_stereo_right_camera_8.png	1059074913	547	244	154
facedb/1059074913/1501791921007090091_stereo_right_camera_9.png	1059074913	547	244	154
