facedb/1319396153/1490470349512943983_stereo_right_camera_0.png	1319396153	622	253	128
facedb/1319396153/1490470349621243000_stereo_right_camera_1.png	1319396153	622	253	128
facedb/1319396153/1490470349949076890_stereo_right_camera_2.png	1319396153	622	253	128
facedb/1319396153/1490470350380271911_stereo_right_camera_3.png	1319396153	622	253	128
facedb/1319396153/1490470350505237102_stereo_right_camera_4.png	1319396153	622	253	128
facedb/1319396153/1490470350636393070_stereo_right_camera_5.png	1319396153	622	253	128
facedb/1319396153/1490470350772631883_stereo_right_camera_6.png	1319396153	622	253	128
facedb/1319396153/1490470351123950004_stereo_right_camera_7.png	1319396153	622	253	128
facedb/1319396153/1490470351274358034_stereo_right_camera_8.png	1319396153	622	253	128
facedb/1319396153/1490470351390233039_stereo_right_camera_9.png	1319396153	622	253	128
