facedb/440015798/1491054149693665981_stereo_right_camera_0.png	440015798	427	197	98
facedb/440015798/1491054149827754974_stereo_right_camera_1.png	440015798	427	197	98
facedb/440015798/1491054149958897113_stereo_right_camera_2.png	440015798	427	197	98
facedb/440015798/1491054150028484106_stereo_right_camera_3.png	440015798	427	197	98
facedb/440015798/1491054150261621952_stereo_right_camera_4.png	440015798	427	197	98
facedb/440015798/1491054150428178071_stereo_right_camera_5.png	440015798	427	197	98
facedb/440015798/1491054150511001110_stereo_right_camera_6.png	440015798	427	197	98
facedb/440015798/1491054150682512044_stereo_right_camera_7.png	440015798	427	197	98
facedb/440015798/1491054150775908946_stereo_right_camera_8.png	440015798	427	197	98
facedb/440015798/1491054150922980070_stereo_right_camera_9.png	440015798	427	197	98
