facedb/507347063/1490470339237461090_stereo_right_camera_0.png	507347063	635	394	154
facedb/507347063/1490470339546858072_stereo_right_camera_1.png	507347063	635	394	154
facedb/507347063/1490470339817362070_stereo_right_camera_2.png	507347063	635	394	154
facedb/507347063/1490470340576127052_stereo_right_camera_3.png	507347063	635	394	154
facedb/507347063/1490470340846016883_stereo_right_camera_4.png	507347063	635	394	154
facedb/507347063/1490470341346304893_stereo_right_camera_5.png	507347063	635	394	154
facedb/507347063/1490470341439898014_stereo_right_camera_6.png	507347063	635	394	154
facedb/507347063/1490470341771989107_stereo_right_camera_7.png	507347063	635	394	154
facedb/507347063/1490470341858398914_stereo_right_camera_8.png	507347063	635	394	154
facedb/507347063/1490470342057629108_stereo_right_camera_9.png	507347063	635	394	154
