facedb/183142458/1521909333459764003_stereo_right_camera_0.png	183142458	290	162	94
facedb/183142458/1521909334088036060_stereo_right_camera_1.png	183142458	290	162	94
facedb/183142458/1521909334380196094_stereo_right_camera_2.png	183142458	290	162	94
facedb/183142458/1521909334876048088_stereo_right_camera_3.png	183142458	290	162	94
facedb/183142458/1521909335073628902_stereo_right_camera_4.png	183142458	290	162	94
facedb/183142458/1521909335554789066_stereo_right_camera_5.png	183142458	290	162	94
facedb/183142458/1521909335701512098_stereo_right_camera_6.png	183142458	290	162	94
facedb/183142458/1521909336178320884_stereo_right_camera_7.png	183142458	290	162	94
facedb/183142458/1521909336477235078_stereo_right_camera_8.png	183142458	290	162	94
facedb/183142458/1521909336751540899_stereo_right_camera_9.png	183142458	290	162	94
