facedb/139634671/1491068153896224021_stereo_right_camera_0.png	139634671	531	299	131
facedb/139634671/1491068153982239007_stereo_right_camera_1.png	139634671	531	299	131
facedb/139634671/1491068154065834999_stereo_right_camera_2.png	139634671	531	299	131
facedb/139634671/1491068154284293889_stereo_right_camera_3.png	139634671	531	299	131
facedb/139634671/1491068154378671884_stereo_right_camera_4.png	139634671	531	299	131
facedb/139634671/1491068154563855886_stereo_right_camera_5.png	139634671	531	299	131
facedb/139634671/1491068154822587013_stereo_right_camera_6.png	139634671	531	299	131
facedb/139634671/1491068154908823013_stereo_right_camera_7.png	139634671	531	299	131
facedb/139634671/1491068155128684997_stereo_right_camera_8.png	139634671	531	299	131
facedb/139634671/1491068155244662046_stereo_right_camera_9.png	139634671	531	299	131
