facedb/640170791/1490470286594527006_stereo_right_camera_0.png	640170791	569	373	214
facedb/640170791/1490470286681370019_stereo_right_camera_1.png	640170791	569	373	214
facedb/640170791/1490470286846256971_stereo_right_camera_2.png	640170791	569	373	214
facedb/640170791/1490470286940362930_stereo_right_camera_3.png	640170791	569	373	214
facedb/640170791/1490470287025285959_stereo_right_camera_4.png	640170791	569	373	214
facedb/640170791/1490470287377914905_stereo_right_camera_5.png	640170791	569	373	214
facedb/640170791/1490470287536669969_stereo_right_camera_6.png	640170791	569	373	214
facedb/640170791/1490470287928920030_stereo_right_camera_7.png	640170791	569	373	214
facedb/640170791/1490470288199896097_stereo_right_camera_8.png	640170791	569	373	214
facedb/640170791/1490470288873352050_stereo_right_camera_9.png	640170791	569	373	214
