facedb/156845585/1493486438772388935_stereo_right_camera_0.png	156845585	598	300	170
facedb/156845585/1493486439126034975_stereo_right_camera_1.png	156845585	598	300	170
facedb/156845585/1493486439304917097_stereo_right_camera_2.png	156845585	598	300	170
facedb/156845585/1493486439461251974_stereo_right_camera_3.png	156845585	598	300	170
facedb/156845585/1493486439734565019_stereo_right_camera_4.png	156845585	598	300	170
facedb/156845585/1493486439975570917_stereo_right_camera_5.png	156845585	598	300	170
facedb/156845585/1493486440204857110_stereo_right_camera_6.png	156845585	598	300	170
facedb/156845585/1493486440388067960_stereo_right_camera_7.png	156845585	598	300	170
facedb/156845585/1493486440497169017_stereo_right_camera_8.png	156845585	598	300	170
facedb/156845585/1493486440685039997_stereo_right_camera_9.png	156845585	598	300	170
