facedb/1235377288/1495672156054219961_stereo_right_camera_0.png	1235377288	468	280	199
facedb/1235377288/1495672156441121101_stereo_right_camera_1.png	1235377288	468	280	199
facedb/1235377288/1495672156619854927_stereo_right_camera_2.png	1235377288	468	280	199
facedb/1235377288/1495672156801280975_stereo_right_camera_3.png	1235377288	468	280	199
facedb/1235377288/1495672157023057937_stereo_right_camera_4.png	1235377288	468	280	199
facedb/1235377288/1495672157272908926_stereo_right_camera_5.png	1235377288	468	280	199
facedb/1235377288/1495672157467943906_stereo_right_camera_6.png	1235377288	468	280	199
facedb/1235377288/1495672157790642976_stereo_right_camera_7.png	1235377288	468	280	199
facedb/1235377288/1495672158471030950_stereo_right_camera_8.png	1235377288	468	280	199
facedb/1235377288/1495672158651438951_stereo_right_camera_9.png	1235377288	468	280	199
