facedb/1635958047/1495067332458678960_stereo_right_camera_0.png	1635958047	389	251	116
facedb/1635958047/1495067332651396036_stereo_right_camera_1.png	1635958047	389	251	116
facedb/1635958047/1495067332899544000_stereo_right_camera_2.png	1635958047	389	251	116
facedb/1635958047/1495067333131900072_stereo_right_camera_3.png	1635958047	389	251	116
facedb/1635958047/1495067333237102985_stereo_right_camera_4.png	1635958047	389	251	116
facedb/1635958047/1495067333468255043_stereo_right_camera_5.png	1635958047	389	251	116
facedb/1635958047/1495067333575201988_stereo_right_camera_6.png	1635958047	389	251	116
facedb/1635958047/1495067333822376012_stereo_right_camera_7.png	1635958047	389	251	116
facedb/1635958047/1495067334049995899_stereo_right_camera_8.png	1635958047	389	251	116
facedb/1635958047/1495067334173563957_stereo_right_camera_9.png	1635958047	389	251	116
