facedb/190581525/1491080527669245004_stereo_right_camera_0.png	190581525	416	179	60
facedb/190581525/1491080528085588932_stereo_right_camera_1.png	190581525	416	179	60
facedb/190581525/1491080528633255004_stereo_right_camera_2.png	190581525	416	179	60
facedb/190581525/1491080528783246994_stereo_right_camera_3.png	190581525	416	179	60
facedb/190581525/1491080528984019041_stereo_right_camera_4.png	190581525	416	179	60
facedb/190581525/1491080529095657110_stereo_right_camera_5.png	190581525	416	179	60
facedb/190581525/1491080529289598941_stereo_right_camera_6.png	190581525	416	179	60
facedb/190581525/1491080529424464941_stereo_right_camera_7.png	190581525	416	179	60
facedb/190581525/1491080529762207984_stereo_right_camera_8.png	190581525	416	179	60
facedb/190581525/1491080529887998104_stereo_right_camera_9.png	190581525	416	179	60
