facedb/560830889/1490464803298306941_stereo_right_camera_0.png	560830889	681	429	151
facedb/560830889/1490464803465281009_stereo_right_camera_1.png	560830889	681	429	151
facedb/560830889/1490464803608177900_stereo_right_camera_2.png	560830889	681	429	151
facedb/560830889/1490464803717793941_stereo_right_camera_3.png	560830889	681	429	151
facedb/560830889/1490464803835549116_stereo_right_camera_4.png	560830889	681	429	151
facedb/560830889/1490464804038650035_stereo_right_camera_5.png	560830889	681	429	151
facedb/560830889/1490464804144352912_stereo_right_camera_6.png	560830889	681	429	151
facedb/560830889/1490464804309376001_stereo_right_camera_7.png	560830889	681	429	151
facedb/560830889/1490464804428400039_stereo_right_camera_8.png	560830889	681	429	151
facedb/560830889/1490464804519205093_stereo_right_camera_9.png	560830889	681	429	151
