facedb/1929445544/1493486242940592050_stereo_right_camera_0.png	1929445544	406	264	181
facedb/1929445544/1493486243125607013_stereo_right_camera_1.png	1929445544	406	264	181
facedb/1929445544/1493486243275275945_stereo_right_camera_2.png	1929445544	406	264	181
facedb/1929445544/1493486243981756925_stereo_right_camera_3.png	1929445544	406	264	181
facedb/1929445544/1493486244149226903_stereo_right_camera_4.png	1929445544	406	264	181
facedb/1929445544/1493486244314138889_stereo_right_camera_5.png	1929445544	406	264	181
facedb/1929445544/1493486244499092102_stereo_right_camera_6.png	1929445544	406	264	181
facedb/1929445544/1493486244661139011_stereo_right_camera_7.png	1929445544	406	264	181
facedb/1929445544/1493486245118964910_stereo_right_camera_8.png	1929445544	406	264	181
facedb/1929445544/1493486245213803052_stereo_right_camera_9.png	1929445544	406	264	181
