facedb/608858856/1495062578443759918_stereo_right_camera_0.png	608858856	466	274	162
facedb/608858856/1495062578556674957_stereo_right_camera_1.png	608858856	466	274	162
facedb/608858856/1495062578788342952_stereo_right_camera_2.png	608858856	466	274	162
facedb/608858856/1495062578885193109_stereo_right_camera_3.png	608858856	466	274	162
facedb/608858856/1495062579224330902_stereo_right_camera_4.png	608858856	466	274	162
facedb/608858856/1495062579556972026_stereo_right_camera_5.png	608858856	466	274	162
facedb/608858856/1495062579757571935_stereo_right_camera_6.png	608858856	466	274	162
facedb/608858856/1495062579874380111_stereo_right_camera_7.png	608858856	466	274	162
facedb/608858856/1495062580146013021_stereo_right_camera_8.png	608858856	466	274	162
facedb/608858856/1495062580331937074_stereo_right_camera_9.png	608858856	466	274	162
