facedb/70857228/1501790145651757955_stereo_right_camera_0.png	70857228	412	307	186
facedb/70857228/1501790146015666007_stereo_right_camera_1.png	70857228	412	307	186
facedb/70857228/1501790146290503025_stereo_right_camera_2.png	70857228	412	307	186
facedb/70857228/1501790146666152954_stereo_right_camera_3.png	70857228	412	307	186
facedb/70857228/1501790146835561037_stereo_right_camera_4.png	70857228	412	307	186
facedb/70857228/1501790147125968933_stereo_right_camera_5.png	70857228	412	307	186
facedb/70857228/1501790147253587007_stereo_right_camera_6.png	70857228	412	307	186
facedb/70857228/1501790147832504987_stereo_right_camera_7.png	70857228	412	307	186
facedb/70857228/1501790148102283000_stereo_right_camera_8.png	70857228	412	307	186
facedb/70857228/1501790148305646896_stereo_right_camera_9.png	70857228	412	307	186
