facedb/822185909/1491146149843993902_stereo_right_camera_0.png	822185909	379	220	110
facedb/822185909/1491146149970880031_stereo_right_camera_1.png	822185909	379	220	110
facedb/822185909/1491146150126092910_stereo_right_camera_2.png	822185909	379	220	110
facedb/822185909/1491146150366921901_stereo_right_camera_3.png	822185909	379	220	110
facedb/822185909/1491146150515585899_stereo_right_camera_4.png	822185909	379	220	110
facedb/822185909/1491146151103888034_stereo_right_camera_5.png	822185909	379	220	110
facedb/822185909/1491146151260906934_stereo_right_camera_6.png	822185909	379	220	110
facedb/822185909/1491146151437417984_stereo_right_camera_7.png	822185909	379	220	110
facedb/822185909/1491146151515084981_stereo_right_camera_8.png	822185909	379	220	110
facedb/822185909/1491146151686939001_stereo_right_camera_9.png	822185909	379	220	110
