facedb/574690890/1497719687615782976_stereo_left_camera_0.png	574690890	572	383	244
facedb/574690890/1497719687818933963_stereo_left_camera_1.png	574690890	572	383	244
facedb/574690890/1497719687924415111_stereo_left_camera_2.png	574690890	572	383	244
facedb/574690890/1497719688214688062_stereo_left_camera_3.png	574690890	572	383	244
facedb/574690890/1497719688358251094_stereo_left_camera_4.png	574690890	572	383	244
facedb/574690890/1497719688573076963_stereo_left_camera_5.png	574690890	572	383	244
facedb/574690890/1497719688753004074_stereo_left_camera_6.png	574690890	572	383	244
facedb/574690890/1497719688970909118_stereo_left_camera_7.png	574690890	572	383	244
facedb/574690890/1497719689184338092_stereo_left_camera_8.png	574690890	572	383	244
facedb/574690890/1497719689729351043_stereo_left_camera_9.png	574690890	572	383	244
