facedb/1184125804/1491146030915831089_stereo_right_camera_0.png	1184125804	580	331	161
facedb/1184125804/1491146031137414932_stereo_right_camera_1.png	1184125804	580	331	161
facedb/1184125804/1491146031252996921_stereo_right_camera_2.png	1184125804	580	331	161
facedb/1184125804/1491146031426739931_stereo_right_camera_3.png	1184125804	580	331	161
facedb/1184125804/1491146031605434894_stereo_right_camera_4.png	1184125804	580	331	161
facedb/1184125804/1491146031817121028_stereo_right_camera_5.png	1184125804	580	331	161
facedb/1184125804/1491146031959105014_stereo_right_camera_6.png	1184125804	580	331	161
facedb/1184125804/1491146032124516010_stereo_right_camera_7.png	1184125804	580	331	161
facedb/1184125804/1491146032395945072_stereo_right_camera_8.png	1184125804	580	331	161
facedb/1184125804/1491146032578632116_stereo_right_camera_9.png	1184125804	580	331	161
