facedb/296337897/1521906148902973890_stereo_right_camera_0.png	296337897	542	316	207
facedb/296337897/1521906149082304000_stereo_right_camera_1.png	296337897	542	316	207
facedb/296337897/1521906149461626052_stereo_right_camera_2.png	296337897	542	316	207
facedb/296337897/1521906149746548891_stereo_right_camera_3.png	296337897	542	316	207
facedb/296337897/1521906149972827911_stereo_right_camera_4.png	296337897	542	316	207
facedb/296337897/1521906150202873945_stereo_right_camera_5.png	296337897	542	316	207
facedb/296337897/1521906150428134918_stereo_right_camera_6.png	296337897	542	316	207
facedb/296337897/1521906150739291906_stereo_right_camera_7.png	296337897	542	316	207
facedb/296337897/1521906150968446969_stereo_right_camera_8.png	296337897	542	316	207
facedb/296337897/1521906151310748100_stereo_right_camera_9.png	296337897	542	316	207
