facedb/266259488/1495666968603538990_stereo_right_camera_0.png	266259488	411	276	190
facedb/266259488/1495666969189395904_stereo_right_camera_1.png	266259488	411	276	190
facedb/266259488/1495666969361929893_stereo_right_camera_2.png	266259488	411	276	190
facedb/266259488/1495666969728270053_stereo_right_camera_3.png	266259488	411	276	190
facedb/266259488/1495666969900778055_stereo_right_camera_4.png	266259488	411	276	190
facedb/266259488/1495666970078277111_stereo_right_camera_5.png	266259488	411	276	190
facedb/266259488/1495666970290901899_stereo_right_camera_6.png	266259488	411	276	190
facedb/266259488/1495666970477121114_stereo_right_camera_7.png	266259488	411	276	190
facedb/266259488/1495666970578855991_stereo_right_camera_8.png	266259488	411	276	190
facedb/266259488/1495666971277607917_stereo_right_camera_9.png	266259488	411	276	190
