facedb/1868296452/1495064897714835882_stereo_right_camera_0.png	1868296452	564	329	248
facedb/1868296452/1495064898117965936_stereo_right_camera_1.png	1868296452	564	329	248
facedb/1868296452/1495064898711071014_stereo_right_camera_2.png	1868296452	564	329	248
facedb/1868296452/1495064899543759107_stereo_right_camera_3.png	1868296452	564	329	248
facedb/1868296452/1495064899743213891_stereo_right_camera_4.png	1868296452	564	329	248
facedb/1868296452/1495064900721138954_stereo_right_camera_5.png	1868296452	564	329	248
facedb/1868296452/1495064900893754959_stereo_right_camera_6.png	1868296452	564	329	248
facedb/1868296452/1495064901078522920_stereo_right_camera_7.png	1868296452	564	329	248
facedb/1868296452/1495064901418400049_stereo_right_camera_8.png	1868296452	564	329	248
facedb/1868296452/1495064901764138936_stereo_right_camera_9.png	1868296452	564	329	248
