facedb/532107003/1490466503280726909_stereo_right_camera_0.png	532107003	566	356	268
facedb/532107003/1490466503507545948_stereo_right_camera_1.png	532107003	566	356	268
facedb/532107003/1490466503661917924_stereo_right_camera_2.png	532107003	566	356	268
facedb/532107003/1490466503768500089_stereo_right_camera_3.png	532107003	566	356	268
facedb/532107003/1490466503887090921_stereo_right_camera_4.png	532107003	566	356	268
facedb/532107003/1490466504020519018_stereo_right_camera_5.png	532107003	566	356	268
facedb/532107003/1490466504715161085_stereo_right_camera_6.png	532107003	566	356	268
facedb/532107003/1490466504823295116_stereo_right_camera_7.png	532107003	566	356	268
facedb/532107003/1490466504921636104_stereo_right_camera_8.png	532107003	566	356	268
facedb/532107003/1490466505055896043_stereo_right_camera_9.png	532107003	566	356	268
