facedb/1481200802/1490231774645768880_stereo_right_camera_0.png	1481200802	502	277	143
facedb/1481200802/1490231775446007013_stereo_right_camera_1.png	1481200802	502	277	143
facedb/1481200802/1490231775852305889_stereo_right_camera_2.png	1481200802	502	277	143
facedb/1481200802/1490231776301224946_stereo_right_camera_3.png	1481200802	502	277	143
facedb/1481200802/1490231776409861087_stereo_right_camera_4.png	1481200802	502	277	143
facedb/1481200802/1490231776491861104_stereo_right_camera_5.png	1481200802	502	277	143
facedb/1481200802/1490231776664500951_stereo_right_camera_6.png	1481200802	502	277	143
facedb/1481200802/1490231776767976045_stereo_right_camera_7.png	1481200802	502	277	143
facedb/1481200802/1490231776878835916_stereo_right_camera_8.png	1481200802	502	277	143
facedb/1481200802/1490231777120614051_stereo_right_camera_9.png	1481200802	502	277	143
