facedb/101431173/1501790713152723073_stereo_right_camera_0.png	101431173	447	311	207
facedb/101431173/1501790713349085092_stereo_right_camera_1.png	101431173	447	311	207
facedb/101431173/1501790713530319929_stereo_right_camera_2.png	101431173	447	311	207
facedb/101431173/1501790713735852956_stereo_right_camera_3.png	101431173	447	311	207
facedb/101431173/1501790714219634056_stereo_right_camera_4.png	101431173	447	311	207
facedb/101431173/1501790714445080995_stereo_right_camera_5.png	101431173	447	311	207
facedb/101431173/1501790714759274005_stereo_right_camera_6.png	101431173	447	311	207
facedb/101431173/1501790714941056013_stereo_right_camera_7.png	101431173	447	311	207
facedb/101431173/1501790715132556915_stereo_right_camera_8.png	101431173	447	311	207
facedb/101431173/1501790715434989929_stereo_right_camera_9.png	101431173	447	311	207
