facedb/1100677013/1490231457320491075_stereo_right_camera_0.png	1100677013	626	384	174
facedb/1100677013/1490231457763978958_stereo_right_camera_1.png	1100677013	626	384	174
facedb/1100677013/1490231457986910104_stereo_right_camera_2.png	1100677013	626	384	174
facedb/1100677013/1490231458116152048_stereo_right_camera_3.png	1100677013	626	384	174
facedb/1100677013/1490231458218683004_stereo_right_camera_4.png	1100677013	626	384	174
facedb/1100677013/1490231458325346946_stereo_right_camera_5.png	1100677013	626	384	174
facedb/1100677013/1490231458428956985_stereo_right_camera_6.png	1100677013	626	384	174
facedb/1100677013/1490231458526901960_stereo_right_camera_7.png	1100677013	626	384	174
facedb/1100677013/1490231458631242990_stereo_right_camera_8.png	1100677013	626	384	174
facedb/1100677013/1490231458732837915_stereo_right_camera_9.png	1100677013	626	384	174
