facedb/884317597/1495066663221410036_stereo_right_camera_0.png	884317597	387	267	122
facedb/884317597/1495066663342461109_stereo_right_camera_1.png	884317597	387	267	122
facedb/884317597/1495066663542579889_stereo_right_camera_2.png	884317597	387	267	122
facedb/884317597/1495066663742199897_stereo_right_camera_3.png	884317597	387	267	122
facedb/884317597/1495066663856924057_stereo_right_camera_4.png	884317597	387	267	122
facedb/884317597/1495066664097711086_stereo_right_camera_5.png	884317597	387	267	122
facedb/884317597/1495066664444345951_stereo_right_camera_6.png	884317597	387	267	122
facedb/884317597/1495066664561712980_stereo_right_camera_7.png	884317597	387	267	122
facedb/884317597/1495066664859595060_stereo_right_camera_8.png	884317597	387	267	122
facedb/884317597/1495066664964991092_stereo_right_camera_9.png	884317597	387	267	122
