facedb/1871365258/1490465945132139921_stereo_right_camera_0.png	1871365258	654	427	225
facedb/1871365258/1490465945393940925_stereo_right_camera_1.png	1871365258	654	427	225
facedb/1871365258/1490465946212976932_stereo_right_camera_2.png	1871365258	654	427	225
facedb/1871365258/1490465946291265010_stereo_right_camera_3.png	1871365258	654	427	225
facedb/1871365258/1490465946391380071_stereo_right_camera_4.png	1871365258	654	427	225
facedb/1871365258/1490465946478960037_stereo_right_camera_5.png	1871365258	654	427	225
facedb/1871365258/1490465946836054086_stereo_right_camera_6.png	1871365258	654	427	225
facedb/1871365258/1490465946916110038_stereo_right_camera_7.png	1871365258	654	427	225
facedb/1871365258/1490465947209508895_stereo_right_camera_8.png	1871365258	654	427	225
facedb/1871365258/1490465947388174057_stereo_right_camera_9.png	1871365258	654	427	225
