facedb/227795765/1495668007394851922_stereo_right_camera_0.png	227795765	592	374	187
facedb/227795765/1495668007578840970_stereo_right_camera_1.png	227795765	592	374	187
facedb/227795765/1495668007779180049_stereo_right_camera_2.png	227795765	592	374	187
facedb/227795765/1495668007980211019_stereo_right_camera_3.png	227795765	592	374	187
facedb/227795765/1495668008570055007_stereo_right_camera_4.png	227795765	592	374	187
facedb/227795765/1495668008760432958_stereo_right_camera_5.png	227795765	592	374	187
facedb/227795765/1495668009236327886_stereo_right_camera_6.png	227795765	592	374	187
facedb/227795765/1495668009368122100_stereo_right_camera_7.png	227795765	592	374	187
facedb/227795765/1495668009592292070_stereo_right_camera_8.png	227795765	592	374	187
facedb/227795765/1495668009783472061_stereo_right_camera_9.png	227795765	592	374	187
