facedb/194294721/1490231453588444948_stereo_right_camera_0.png	194294721	581	334	128
facedb/194294721/1490231453860569953_stereo_right_camera_1.png	194294721	581	334	128
facedb/194294721/1490231454156656026_stereo_right_camera_2.png	194294721	581	334	128
facedb/194294721/1490231454260149955_stereo_right_camera_3.png	194294721	581	334	128
facedb/194294721/1490231454475454092_stereo_right_camera_4.png	194294721	581	334	128
facedb/194294721/1490231454564654111_stereo_right_camera_5.png	194294721	581	334	128
facedb/194294721/1490231454664889097_stereo_right_camera_6.png	194294721	581	334	128
facedb/194294721/1490231454753722906_stereo_right_camera_7.png	194294721	581	334	128
facedb/194294721/1490231454843048095_stereo_right_camera_8.png	194294721	581	334	128
facedb/194294721/1490231454915779113_stereo_right_camera_9.png	194294721	581	334	128
