facedb/672830668/1501789867945434093_stereo_right_camera_0.png	672830668	448	282	149
facedb/672830668/1501789868101309061_stereo_right_camera_1.png	672830668	448	282	149
facedb/672830668/1501789868295698881_stereo_right_camera_2.png	672830668	448	282	149
facedb/672830668/1501789868622003078_stereo_right_camera_3.png	672830668	448	282	149
facedb/672830668/1501789868983474969_stereo_right_camera_4.png	672830668	448	282	149
facedb/672830668/1501789869312807083_stereo_right_camera_5.png	672830668	448	282	149
facedb/672830668/1501789869417939901_stereo_right_camera_6.png	672830668	448	282	149
facedb/672830668/1501789869668066024_stereo_right_camera_7.png	672830668	448	282	149
facedb/672830668/1501789869978784084_stereo_right_camera_8.png	672830668	448	282	149
facedb/672830668/1501789870197310924_stereo_right_camera_9.png	672830668	448	282	149
