facedb/1994129551/1495666528730529069_stereo_right_camera_0.png	1994129551	344	202	112
facedb/1994129551/1495666528827235937_stereo_right_camera_1.png	1994129551	344	202	112
facedb/1994129551/1495666528963701009_stereo_right_camera_2.png	1994129551	344	202	112
facedb/1994129551/1495666529428152084_stereo_right_camera_3.png	1994129551	344	202	112
facedb/1994129551/1495666529540230035_stereo_right_camera_4.png	1994129551	344	202	112
facedb/1994129551/1495666529821126937_stereo_right_camera_5.png	1994129551	344	202	112
facedb/1994129551/1495666529981014013_stereo_right_camera_6.png	1994129551	344	202	112
facedb/1994129551/1495666530139998912_stereo_right_camera_7.png	1994129551	344	202	112
facedb/1994129551/1495666530312942028_stereo_right_camera_8.png	1994129551	344	202	112
facedb/1994129551/1495666530417578935_stereo_right_camera_9.png	1994129551	344	202	112
