facedb/1684770227/1493486761282334089_stereo_right_camera_0.png	1684770227	335	200	102
facedb/1684770227/1493486761455753087_stereo_right_camera_1.png	1684770227	335	200	102
facedb/1684770227/1493486761559395074_stereo_right_camera_2.png	1684770227	335	200	102
facedb/1684770227/1493486761751081943_stereo_right_camera_3.png	1684770227	335	200	102
facedb/1684770227/1493486761940249919_stereo_right_camera_4.png	1684770227	335	200	102
facedb/1684770227/1493486762125853061_stereo_right_camera_5.png	1684770227	335	200	102
facedb/1684770227/1493486762235445022_stereo_right_camera_6.png	1684770227	335	200	102
facedb/1684770227/1493486762327148914_stereo_right_camera_7.png	1684770227	335	200	102
facedb/1684770227/1493486762598166942_stereo_right_camera_8.png	1684770227	335	200	102
facedb/1684770227/1493486762803844928_stereo_right_camera_9.png	1684770227	335	200	102
