facedb/902623097/1488416823669147014_stereo_right_camera_0.png	902623097	657	370	215
facedb/902623097/1488416823850971937_stereo_right_camera_1.png	902623097	657	370	215
facedb/902623097/1488416824534463882_stereo_right_camera_2.png	902623097	657	370	215
facedb/902623097/1488416824956985950_stereo_right_camera_3.png	902623097	657	370	215
facedb/902623097/1488416825054917097_stereo_right_camera_4.png	902623097	657	370	215
facedb/902623097/1488416825149538040_stereo_right_camera_5.png	902623097	657	370	215
facedb/902623097/1488416825237571954_stereo_right_camera_6.png	902623097	657	370	215
facedb/902623097/1488416825322736024_stereo_right_camera_7.png	902623097	657	370	215
facedb/902623097/1488416825434946060_stereo_right_camera_8.png	902623097	657	370	215
facedb/902623097/1488416825524305105_stereo_right_camera_9.png	902623097	657	370	215
