facedb/6609996/1491075646361421108_stereo_right_camera_0.png	6609996	459	258	127
facedb/6609996/1491075646601351976_stereo_right_camera_1.png	6609996	459	258	127
facedb/6609996/1491075646741770029_stereo_right_camera_2.png	6609996	459	258	127
facedb/6609996/1491075646878331899_stereo_right_camera_3.png	6609996	459	258	127
facedb/6609996/1491075646957451105_stereo_right_camera_4.png	6609996	459	258	127
facedb/6609996/1491075647127927064_stereo_right_camera_5.png	6609996	459	258	127
facedb/6609996/1491075647415210962_stereo_right_camera_6.png	6609996	459	258	127
facedb/6609996/1491075647691771030_stereo_right_camera_7.png	6609996	459	258	127
facedb/6609996/1491075648053296089_stereo_right_camera_8.png	6609996	459	258	127
facedb/6609996/1491075649019606113_stereo_right_camera_9.png	6609996	459	258	127
