facedb/1220186023/1521914905789402961_stereo_right_camera_0.png	1220186023	362	265	186
facedb/1220186023/1521914906052767992_stereo_right_camera_1.png	1220186023	362	265	186
facedb/1220186023/1521914906143152952_stereo_right_camera_2.png	1220186023	362	265	186
facedb/1220186023/1521914906822062969_stereo_right_camera_3.png	1220186023	362	265	186
facedb/1220186023/1521914907163413047_stereo_right_camera_4.png	1220186023	362	265	186
facedb/1220186023/1521914907488953113_stereo_right_camera_5.png	1220186023	362	265	186
facedb/1220186023/1521914907715107917_stereo_right_camera_6.png	1220186023	362	265	186
facedb/1220186023/1521914908032026052_stereo_right_camera_7.png	1220186023	362	265	186
facedb/1220186023/1521914908412514925_stereo_right_camera_8.png	1220186023	362	265	186
facedb/1220186023/1521914908627177000_stereo_right_camera_9.png	1220186023	362	265	186
