facedb/920719716/1491074450487838029_stereo_right_camera_0.png	920719716	523	301	199
facedb/920719716/1491074450585309028_stereo_right_camera_1.png	920719716	523	301	199
facedb/920719716/1491074450801523923_stereo_right_camera_2.png	920719716	523	301	199
facedb/920719716/1491074450918874025_stereo_right_camera_3.png	920719716	523	301	199
facedb/920719716/1491074451098800897_stereo_right_camera_4.png	920719716	523	301	199
facedb/920719716/1491074451200304031_stereo_right_camera_5.png	920719716	523	301	199
facedb/920719716/1491074451416464090_stereo_right_camera_6.png	920719716	523	301	199
facedb/920719716/1491074451610728025_stereo_right_camera_7.png	920719716	523	301	199
facedb/920719716/1491074451782073020_stereo_right_camera_8.png	920719716	523	301	199
facedb/920719716/1491074452304063081_stereo_right_camera_9.png	920719716	523	301	199
