facedb/1563962415/1493486254470119953_stereo_right_camera_0.png	1563962415	406	280	161
facedb/1563962415/1493486254729161977_stereo_right_camera_1.png	1563962415	406	280	161
facedb/1563962415/1493486255044941902_stereo_right_camera_2.png	1563962415	406	280	161
facedb/1563962415/1493486255240420103_stereo_right_camera_3.png	1563962415	406	280	161
facedb/1563962415/1493486255533456087_stereo_right_camera_4.png	1563962415	406	280	161
facedb/1563962415/1493486255838956117_stereo_right_camera_5.png	1563962415	406	280	161
facedb/1563962415/1493486255987919092_stereo_right_camera_6.png	1563962415	406	280	161
facedb/1563962415/1493486256152813911_stereo_right_camera_7.png	1563962415	406	280	161
facedb/1563962415/1493486256318825960_stereo_right_camera_8.png	1563962415	406	280	161
facedb/1563962415/1493486256621788024_stereo_right_camera_9.png	1563962415	406	280	161
