facedb/647692840/1493484663948587894_stereo_right_camera_0.png	647692840	585	385	210
facedb/647692840/1493484664546458005_stereo_right_camera_1.png	647692840	585	385	210
facedb/647692840/1493484665393238067_stereo_right_camera_2.png	647692840	585	385	210
facedb/647692840/1493484665808562040_stereo_right_camera_3.png	647692840	585	385	210
facedb/647692840/1493484666691350936_stereo_right_camera_4.png	647692840	585	385	210
facedb/647692840/1493484666867803096_stereo_right_camera_5.png	647692840	585	385	210
facedb/647692840/1493484666961817979_stereo_right_camera_6.png	647692840	585	385	210
facedb/647692840/1493484667150469064_stereo_right_camera_7.png	647692840	585	385	210
facedb/647692840/1493484667581898927_stereo_right_camera_8.png	647692840	585	385	210
facedb/647692840/1493484667738926887_stereo_right_camera_9.png	647692840	585	385	210
