facedb/410745274/1493484637754125118_stereo_right_camera_0.png	410745274	491	321	221
facedb/410745274/1493484637951684951_stereo_right_camera_1.png	410745274	491	321	221
facedb/410745274/1493484638266104936_stereo_right_camera_2.png	410745274	491	321	221
facedb/410745274/1493484638433371067_stereo_right_camera_3.png	410745274	491	321	221
facedb/410745274/1493484638706540107_stereo_right_camera_4.png	410745274	491	321	221
facedb/410745274/1493484638961256980_stereo_right_camera_5.png	410745274	491	321	221
facedb/410745274/1493484639136461019_stereo_right_camera_6.png	410745274	491	321	221
facedb/410745274/1493484639326565027_stereo_right_camera_7.png	410745274	491	321	221
facedb/410745274/1493484639421823024_stereo_right_camera_8.png	410745274	491	321	221
facedb/410745274/1493484639630609989_stereo_right_camera_9.png	410745274	491	321	221
