facedb/1668584282/1490469705706892967_stereo_right_camera_0.png	1668584282	512	291	124
facedb/1668584282/1490469706504300117_stereo_right_camera_1.png	1668584282	512	291	124
facedb/1668584282/1490469706591880083_stereo_right_camera_2.png	1668584282	512	291	124
facedb/1668584282/1490469706879079103_stereo_right_camera_3.png	1668584282	512	291	124
facedb/1668584282/1490469706940655946_stereo_right_camera_4.png	1668584282	512	291	124
facedb/1668584282/1490469707245584964_stereo_right_camera_5.png	1668584282	512	291	124
facedb/1668584282/1490469707381423950_stereo_right_camera_6.png	1668584282	512	291	124
facedb/1668584282/1490469707523158073_stereo_right_camera_7.png	1668584282	512	291	124
facedb/1668584282/1490469707636300086_stereo_right_camera_8.png	1668584282	512	291	124
facedb/1668584282/1490469708018546104_stereo_right_camera_9.png	1668584282	512	291	124
