facedb/447128933/1491071910722330093_stereo_right_camera_0.png	447128933	487	319	182
facedb/447128933/1491071910825517892_stereo_right_camera_1.png	447128933	487	319	182
facedb/447128933/1491071911016323089_stereo_right_camera_2.png	447128933	487	319	182
facedb/447128933/1491071911112993001_stereo_right_camera_3.png	447128933	487	319	182
facedb/447128933/1491071911204675912_stereo_right_camera_4.png	447128933	487	319	182
facedb/447128933/1491071911471600055_stereo_right_camera_5.png	447128933	487	319	182
facedb/447128933/1491071911555831909_stereo_right_camera_6.png	447128933	487	319	182
facedb/447128933/1491071911757009029_stereo_right_camera_7.png	447128933	487	319	182
facedb/447128933/1491071911877439975_stereo_right_camera_8.png	447128933	487	319	182
facedb/447128933/1491071912058017015_stereo_right_camera_9.png	447128933	487	319	182
