facedb/175408614/1491074488731780052_stereo_right_camera_0.png	175408614	448	254	151
facedb/175408614/1491074489135183095_stereo_right_camera_1.png	175408614	448	254	151
facedb/175408614/1491074489295979022_stereo_right_camera_2.png	175408614	448	254	151
facedb/175408614/1491074489477020025_stereo_right_camera_3.png	175408614	448	254	151
facedb/175408614/1491074489669672012_stereo_right_camera_4.png	175408614	448	254	151
facedb/175408614/1491074490236608982_stereo_right_camera_5.png	175408614	448	254	151
facedb/175408614/1491074490567950010_stereo_right_camera_6.png	175408614	448	254	151
facedb/175408614/1491074490676107883_stereo_right_camera_7.png	175408614	448	254	151
facedb/175408614/1491074490902920961_stereo_right_camera_8.png	175408614	448	254	151
facedb/175408614/1491074491019490957_stereo_right_camera_9.png	175408614	448	254	151
