facedb/1149304585/1491064136310153007_stereo_right_camera_0.png	1149304585	560	233	111
facedb/1149304585/1491064136468740940_stereo_right_camera_1.png	1149304585	560	233	111
facedb/1149304585/1491064136639560937_stereo_right_camera_2.png	1149304585	560	233	111
facedb/1149304585/1491064136803806066_stereo_right_camera_3.png	1149304585	560	233	111
facedb/1149304585/1491064136966407060_stereo_right_camera_4.png	1149304585	560	233	111
facedb/1149304585/1491064137239384889_stereo_right_camera_5.png	1149304585	560	233	111
facedb/1149304585/1491064137353560924_stereo_right_camera_6.png	1149304585	560	233	111
facedb/1149304585/1491064138220896005_stereo_right_camera_7.png	1149304585	560	233	111
facedb/1149304585/1491064138759008884_stereo_right_camera_8.png	1149304585	560	233	111
facedb/1149304585/1491064138885974884_stereo_right_camera_9.png	1149304585	560	233	111
