facedb/1216245463/1505671794475366115_stereo_right_camera_0.png	1216245463	479	326	212
facedb/1216245463/1505671794698760986_stereo_right_camera_1.png	1216245463	479	326	212
facedb/1216245463/1505671794852283954_stereo_right_camera_2.png	1216245463	479	326	212
facedb/1216245463/1505671795006570100_stereo_right_camera_3.png	1216245463	479	326	212
facedb/1216245463/1505671795508677959_stereo_right_camera_4.png	1216245463	479	326	212
facedb/1216245463/1505671795730449914_stereo_right_camera_5.png	1216245463	479	326	212
facedb/1216245463/1505671795913572072_stereo_right_camera_6.png	1216245463	479	326	212
facedb/1216245463/1505671796162024974_stereo_right_camera_7.png	1216245463	479	326	212
facedb/1216245463/1505671796226800918_stereo_right_camera_8.png	1216245463	479	326	212
facedb/1216245463/1505671796672965049_stereo_right_camera_9.png	1216245463	479	326	212
