facedb/945074414/1498231861679716110_stereo_right_camera_0.png	945074414	551	393	295
facedb/945074414/1498231861759969949_stereo_right_camera_1.png	945074414	551	393	295
facedb/945074414/1498231862087842941_stereo_right_camera_2.png	945074414	551	393	295
facedb/945074414/1498231862331677913_stereo_right_camera_3.png	945074414	551	393	295
facedb/945074414/1498231862816850900_stereo_right_camera_4.png	945074414	551	393	295
facedb/945074414/1498231862903855085_stereo_right_camera_5.png	945074414	551	393	295
facedb/945074414/1498231863161209106_stereo_right_camera_6.png	945074414	551	393	295
facedb/945074414/1498231863484484910_stereo_right_camera_7.png	945074414	551	393	295
facedb/945074414/1498231863730515003_stereo_right_camera_8.png	945074414	551	393	295
facedb/945074414/1498231863921300888_stereo_right_camera_9.png	945074414	551	393	295
