facedb/1261651167/1491074486307890892_stereo_right_camera_0.png	1261651167	461	216	129
facedb/1261651167/1491074486771820068_stereo_right_camera_1.png	1261651167	461	216	129
facedb/1261651167/1491074486905049085_stereo_right_camera_2.png	1261651167	461	216	129
facedb/1261651167/1491074487220266103_stereo_right_camera_3.png	1261651167	461	216	129
facedb/1261651167/1491074487511128902_stereo_right_camera_4.png	1261651167	461	216	129
facedb/1261651167/1491074487665829896_stereo_right_camera_5.png	1261651167	461	216	129
facedb/1261651167/1491074487835973978_stereo_right_camera_6.png	1261651167	461	216	129
facedb/1261651167/1491074488181741952_stereo_right_camera_7.png	1261651167	461	216	129
facedb/1261651167/1491074488371428966_stereo_right_camera_8.png	1261651167	461	216	129
facedb/1261651167/1491074488549087047_stereo_right_camera_9.png	1261651167	461	216	129
