facedb/470950140/1491068148066713094_stereo_right_camera_0.png	470950140	535	246	73
facedb/470950140/1491068148172959089_stereo_right_camera_1.png	470950140	535	246	73
facedb/470950140/1491068148369657993_stereo_right_camera_2.png	470950140	535	246	73
facedb/470950140/1491068148474842071_stereo_right_camera_3.png	470950140	535	246	73
facedb/470950140/1491068148570848941_stereo_right_camera_4.png	470950140	535	246	73
facedb/470950140/1491068148653687000_stereo_right_camera_5.png	470950140	535	246	73
facedb/470950140/1491068148857573032_stereo_right_camera_6.png	470950140	535	246	73
facedb/470950140/1491068148940249919_stereo_right_camera_7.png	470950140	535	246	73
facedb/470950140/1491068149152892112_stereo_right_camera_8.png	470950140	535	246	73
facedb/470950140/1491068149359436035_stereo_right_camera_9.png	470950140	535	246	73
