facedb/1905425907/1490233653678611040_stereo_right_camera_0.png	1905425907	648	262	109
facedb/1905425907/1490233653923454999_stereo_right_camera_1.png	1905425907	648	262	109
facedb/1905425907/1490233654090903997_stereo_right_camera_2.png	1905425907	648	262	109
facedb/1905425907/1490233654206998109_stereo_right_camera_3.png	1905425907	648	262	109
facedb/1905425907/1490233654311724901_stereo_right_camera_4.png	1905425907	648	262	109
facedb/1905425907/1490233654622248888_stereo_right_camera_5.png	1905425907	648	262	109
facedb/1905425907/1490233654921997070_stereo_right_camera_6.png	1905425907	648	262	109
facedb/1905425907/1490233654998073101_stereo_right_camera_7.png	1905425907	648	262	109
facedb/1905425907/1490233655322875022_stereo_right_camera_8.png	1905425907	648	262	109
facedb/1905425907/1490233655690350055_stereo_right_camera_9.png	1905425907	648	262	109
