facedb/1124599965/1505671799300775051_stereo_right_camera_0.png	1124599965	443	328	191
facedb/1124599965/1505671799649552106_stereo_right_camera_1.png	1124599965	443	328	191
facedb/1124599965/1505671799909730911_stereo_right_camera_2.png	1124599965	443	328	191
facedb/1124599965/1505671800162842035_stereo_right_camera_3.png	1124599965	443	328	191
facedb/1124599965/1505671800354640007_stereo_right_camera_4.png	1124599965	443	328	191
facedb/1124599965/1505671800554672956_stereo_right_camera_5.png	1124599965	443	328	191
facedb/1124599965/1505671800809757947_stereo_right_camera_6.png	1124599965	443	328	191
facedb/1124599965/1505671800980094909_stereo_right_camera_7.png	1124599965	443	328	191
facedb/1124599965/1505671801250005006_stereo_right_camera_8.png	1124599965	443	328	191
facedb/1124599965/1505671801488396883_stereo_right_camera_9.png	1124599965	443	328	191
