facedb/962573590/1505673851840302944_stereo_right_camera_0.png	962573590	508	274	154
facedb/962573590/1505673852042383909_stereo_right_camera_1.png	962573590	508	274	154
facedb/962573590/1505673852289865016_stereo_right_camera_2.png	962573590	508	274	154
facedb/962573590/1505673852474222898_stereo_right_camera_3.png	962573590	508	274	154
facedb/962573590/1505673852742104053_stereo_right_camera_4.png	962573590	508	274	154
facedb/962573590/1505673852918330907_stereo_right_camera_5.png	962573590	508	274	154
facedb/962573590/1505673853283612966_stereo_right_camera_6.png	962573590	508	274	154
facedb/962573590/1505673853469038963_stereo_right_camera_7.png	962573590	508	274	154
facedb/962573590/1505673853718502998_stereo_right_camera_8.png	962573590	508	274	154
facedb/962573590/1505673853967345952_stereo_right_camera_9.png	962573590	508	274	154
