facedb/670387161/1490231454998107910_stereo_right_camera_0.png	670387161	579	444	282
facedb/670387161/1490231455117851018_stereo_right_camera_1.png	670387161	579	444	282
facedb/670387161/1490231455226320981_stereo_right_camera_2.png	670387161	579	444	282
facedb/670387161/1490231455361840009_stereo_right_camera_3.png	670387161	579	444	282
facedb/670387161/1490231455460601091_stereo_right_camera_4.png	670387161	579	444	282
facedb/670387161/1490231455556598901_stereo_right_camera_5.png	670387161	579	444	282
facedb/670387161/1490231455643846988_stereo_right_camera_6.png	670387161	579	444	282
facedb/670387161/1490231455720946073_stereo_right_camera_7.png	670387161	579	444	282
facedb/670387161/1490231455812129020_stereo_right_camera_8.png	670387161	579	444	282
facedb/670387161/1490231455999629020_stereo_right_camera_9.png	670387161	579	444	282
