facedb/1966400193/1495066711717336893_stereo_right_camera_0.png	1966400193	485	313	220
facedb/1966400193/1495066711965078115_stereo_right_camera_1.png	1966400193	485	313	220
facedb/1966400193/1495066712153753042_stereo_right_camera_2.png	1966400193	485	313	220
facedb/1966400193/1495066712377993106_stereo_right_camera_3.png	1966400193	485	313	220
facedb/1966400193/1495066712591882944_stereo_right_camera_4.png	1966400193	485	313	220
facedb/1966400193/1495066712686464071_stereo_right_camera_5.png	1966400193	485	313	220
facedb/1966400193/1495066712889736890_stereo_right_camera_6.png	1966400193	485	313	220
facedb/1966400193/1495066713079515933_stereo_right_camera_7.png	1966400193	485	313	220
facedb/1966400193/1495066713279067993_stereo_right_camera_8.png	1966400193	485	313	220
facedb/1966400193/1495066713465022087_stereo_right_camera_9.png	1966400193	485	313	220
