facedb/127179291/1490467715222341060_stereo_right_camera_0.png	127179291	493	338	230
facedb/127179291/1490467715363079071_stereo_right_camera_1.png	127179291	493	338	230
facedb/127179291/1490467715479537010_stereo_right_camera_2.png	127179291	493	338	230
facedb/127179291/1490467715567966938_stereo_right_camera_3.png	127179291	493	338	230
facedb/127179291/1490467715737818002_stereo_right_camera_4.png	127179291	493	338	230
facedb/127179291/1490467715935100078_stereo_right_camera_5.png	127179291	493	338	230
facedb/127179291/1490467716062927007_stereo_right_camera_6.png	127179291	493	338	230
facedb/127179291/1490467716298800945_stereo_right_camera_7.png	127179291	493	338	230
facedb/127179291/1490467717002079010_stereo_right_camera_8.png	127179291	493	338	230
facedb/127179291/1490467717163053035_stereo_right_camera_9.png	127179291	493	338	230
