facedb/907780593/1491062868893110990_stereo_right_camera_0.png	907780593	442	286	175
facedb/907780593/1491062869178383111_stereo_right_camera_1.png	907780593	442	286	175
facedb/907780593/1491062869379403114_stereo_right_camera_2.png	907780593	442	286	175
facedb/907780593/1491062869468327045_stereo_right_camera_3.png	907780593	442	286	175
facedb/907780593/1491062869560432910_stereo_right_camera_4.png	907780593	442	286	175
facedb/907780593/1491062869773567914_stereo_right_camera_5.png	907780593	442	286	175
facedb/907780593/1491062869861201047_stereo_right_camera_6.png	907780593	442	286	175
facedb/907780593/1491062870812452077_stereo_right_camera_7.png	907780593	442	286	175
facedb/907780593/1491062870940105915_stereo_right_camera_8.png	907780593	442	286	175
facedb/907780593/1491062871170905113_stereo_right_camera_9.png	907780593	442	286	175
