facedb/259912784/1490469500267225980_stereo_left_camera_0.png	259912784	560	395	240
facedb/259912784/1490469500618524074_stereo_left_camera_1.png	259912784	560	395	240
facedb/259912784/1490469501517976045_stereo_left_camera_2.png	259912784	560	395	240
facedb/259912784/1490469501648988962_stereo_left_camera_3.png	259912784	560	395	240
facedb/259912784/1490469501762624979_stereo_left_camera_4.png	259912784	560	395	240
facedb/259912784/1490469502162928104_stereo_left_camera_5.png	259912784	560	395	240
facedb/259912784/1490469502273454904_stereo_left_camera_6.png	259912784	560	395	240
facedb/259912784/1490469502478354930_stereo_left_camera_7.png	259912784	560	395	240
facedb/259912784/1490469502638586044_stereo_left_camera_8.png	259912784	560	395	240
facedb/259912784/1490469502741122961_stereo_left_camera_9.png	259912784	560	395	240
