facedb/1952358903/1490232908726305961_stereo_left_camera_0.png	1952358903	501	302	143
facedb/1952358903/1490232908838395118_stereo_left_camera_1.png	1952358903	501	302	143
facedb/1952358903/1490232909036803960_stereo_left_camera_2.png	1952358903	501	302	143
facedb/1952358903/1490232909165864944_stereo_left_camera_3.png	1952358903	501	302	143
facedb/1952358903/1490232909264705896_stereo_left_camera_4.png	1952358903	501	302	143
facedb/1952358903/1490232909361691951_stereo_left_camera_5.png	1952358903	501	302	143
facedb/1952358903/1490232909475661993_stereo_left_camera_6.png	1952358903	501	302	143
facedb/1952358903/1490232909564464092_stereo_left_camera_7.png	1952358903	501	302	143
facedb/1952358903/1490232909683988094_stereo_left_camera_8.png	1952358903	501	302	143
facedb/1952358903/1490232909951343059_stereo_left_camera_9.png	1952358903	501	302	143
