facedb/102768155/1491081661317161083_stereo_right_camera_0.png	102768155	490	310	181
facedb/102768155/1491081661569709062_stereo_right_camera_1.png	102768155	490	310	181
facedb/102768155/1491081661752398967_stereo_right_camera_2.png	102768155	490	310	181
facedb/102768155/1491081661954525947_stereo_right_camera_3.png	102768155	490	310	181
facedb/102768155/1491081662077670097_stereo_right_camera_4.png	102768155	490	310	181
facedb/102768155/1491081662355489969_stereo_right_camera_5.png	102768155	490	310	181
facedb/102768155/1491081662457017898_stereo_right_camera_6.png	102768155	490	310	181
facedb/102768155/1491081662682111978_stereo_right_camera_7.png	102768155	490	310	181
facedb/102768155/1491081663018625974_stereo_right_camera_8.png	102768155	490	310	181
facedb/102768155/1491081663233020067_stereo_right_camera_9.png	102768155	490	310	181
