facedb/1256257698/1521913912908081054_stereo_right_camera_0.png	1256257698	373	260	185
facedb/1256257698/1521913913123850107_stereo_right_camera_1.png	1256257698	373	260	185
facedb/1256257698/1521913913282840013_stereo_right_camera_2.png	1256257698	373	260	185
facedb/1256257698/1521913913777179002_stereo_right_camera_3.png	1256257698	373	260	185
facedb/1256257698/1521913913960978984_stereo_right_camera_4.png	1256257698	373	260	185
facedb/1256257698/1521913914273852109_stereo_right_camera_5.png	1256257698	373	260	185
facedb/1256257698/1521913914589786052_stereo_right_camera_6.png	1256257698	373	260	185
facedb/1256257698/1521913914794866085_stereo_right_camera_7.png	1256257698	373	260	185
facedb/1256257698/1521913915001619100_stereo_right_camera_8.png	1256257698	373	260	185
facedb/1256257698/1521913915637737035_stereo_right_camera_9.png	1256257698	373	260	185
