facedb/1364843660/1495668702113960027_stereo_right_camera_0.png	1364843660	645	446	319
facedb/1364843660/1495668702610426902_stereo_right_camera_1.png	1364843660	645	446	319
facedb/1364843660/1495668702919878959_stereo_right_camera_2.png	1364843660	645	446	319
facedb/1364843660/1495668703086919069_stereo_right_camera_3.png	1364843660	645	446	319
facedb/1364843660/1495668703452467918_stereo_right_camera_4.png	1364843660	645	446	319
facedb/1364843660/1495668703612931966_stereo_right_camera_5.png	1364843660	645	446	319
facedb/1364843660/1495668704294703960_stereo_right_camera_6.png	1364843660	645	446	319
facedb/1364843660/1495668704517059087_stereo_right_camera_7.png	1364843660	645	446	319
facedb/1364843660/1495668704724309921_stereo_right_camera_8.png	1364843660	645	446	319
facedb/1364843660/1495668704916500091_stereo_right_camera_9.png	1364843660	645	446	319
