facedb/1555187713/1491073910919560909_stereo_right_camera_0.png	1555187713	647	439	280
facedb/1555187713/1491073911156745910_stereo_right_camera_1.png	1555187713	647	439	280
facedb/1555187713/1491073911358057022_stereo_right_camera_2.png	1555187713	647	439	280
facedb/1555187713/1491073911524408102_stereo_right_camera_3.png	1555187713	647	439	280
facedb/1555187713/1491073911595741033_stereo_right_camera_4.png	1555187713	647	439	280
facedb/1555187713/1491073911742862939_stereo_right_camera_5.png	1555187713	647	439	280
facedb/1555187713/1491073911889549970_stereo_right_camera_6.png	1555187713	647	439	280
facedb/1555187713/1491073912043030023_stereo_right_camera_7.png	1555187713	647	439	280
facedb/1555187713/1491073912214206933_stereo_right_camera_8.png	1555187713	647	439	280
facedb/1555187713/1491073912372396945_stereo_right_camera_9.png	1555187713	647	439	280
