facedb/662985648/1490831581664469003_stereo_left_camera_0.png	662985648	642	399	281
facedb/662985648/1490831582350445985_stereo_left_camera_1.png	662985648	642	399	281
facedb/662985648/1490831582482856988_stereo_left_camera_2.png	662985648	642	399	281
facedb/662985648/1490831582554186105_stereo_left_camera_3.png	662985648	642	399	281
facedb/662985648/1490831582964976072_stereo_left_camera_4.png	662985648	642	399	281
facedb/662985648/1490831583071145057_stereo_left_camera_5.png	662985648	642	399	281
facedb/662985648/1490831583167768955_stereo_left_camera_6.png	662985648	642	399	281
facedb/662985648/1490831583256453990_stereo_left_camera_7.png	662985648	642	399	281
facedb/662985648/1490831583336869001_stereo_left_camera_8.png	662985648	642	399	281
facedb/662985648/1490831583487977027_stereo_left_camera_9.png	662985648	642	399	281
