facedb/1367100724/1490231094627109050_stereo_right_camera_0.png	1367100724	501	335	167
facedb/1367100724/1490231095163688898_stereo_right_camera_1.png	1367100724	501	335	167
facedb/1367100724/1490231095512532949_stereo_right_camera_2.png	1367100724	501	335	167
facedb/1367100724/1490231095586972951_stereo_right_camera_3.png	1367100724	501	335	167
facedb/1367100724/1490231095724579095_stereo_right_camera_4.png	1367100724	501	335	167
facedb/1367100724/1490231095912372112_stereo_right_camera_5.png	1367100724	501	335	167
facedb/1367100724/1490231096123754978_stereo_right_camera_6.png	1367100724	501	335	167
facedb/1367100724/1490231096217046976_stereo_right_camera_7.png	1367100724	501	335	167
facedb/1367100724/1490231096400110960_stereo_right_camera_8.png	1367100724	501	335	167
facedb/1367100724/1490231096612181901_stereo_right_camera_9.png	1367100724	501	335	167
