facedb/239958031/1495667998332775115_stereo_right_camera_0.png	239958031	609	321	182
facedb/239958031/1495667998530272960_stereo_right_camera_1.png	239958031	609	321	182
facedb/239958031/1495667998888102054_stereo_right_camera_2.png	239958031	609	321	182
facedb/239958031/1495667999258060932_stereo_right_camera_3.png	239958031	609	321	182
facedb/239958031/1495667999354654073_stereo_right_camera_4.png	239958031	609	321	182
facedb/239958031/1495667999644186019_stereo_right_camera_5.png	239958031	609	321	182
facedb/239958031/1495667999932961940_stereo_right_camera_6.png	239958031	609	321	182
facedb/239958031/1495668000118304014_stereo_right_camera_7.png	239958031	609	321	182
facedb/239958031/1495668000387854099_stereo_right_camera_8.png	239958031	609	321	182
facedb/239958031/1495668000739445924_stereo_right_camera_9.png	239958031	609	321	182
