facedb/205725715/1490233012901248931_stereo_right_camera_0.png	205725715	545	323	199
facedb/205725715/1490233013033083915_stereo_right_camera_1.png	205725715	545	323	199
facedb/205725715/1490233013131011962_stereo_right_camera_2.png	205725715	545	323	199
facedb/205725715/1490233013270366907_stereo_right_camera_3.png	205725715	545	323	199
facedb/205725715/1490233013366811037_stereo_right_camera_4.png	205725715	545	323	199
facedb/205725715/1490233013619801998_stereo_right_camera_5.png	205725715	545	323	199
facedb/205725715/1490233013756782054_stereo_right_camera_6.png	205725715	545	323	199
facedb/205725715/1490233013865513086_stereo_right_camera_7.png	205725715	545	323	199
facedb/205725715/1490233013968300104_stereo_right_camera_8.png	205725715	545	323	199
facedb/205725715/1490233014128026962_stereo_right_camera_9.png	205725715	545	323	199
