facedb/1895433550/1490469527280716896_stereo_right_camera_0.png	1895433550	531	313	179
facedb/1895433550/1490469527369316101_stereo_right_camera_1.png	1895433550	531	313	179
facedb/1895433550/1490469527493583917_stereo_right_camera_2.png	1895433550	531	313	179
facedb/1895433550/1490469527772242069_stereo_right_camera_3.png	1895433550	531	313	179
facedb/1895433550/1490469527868119955_stereo_right_camera_4.png	1895433550	531	313	179
facedb/1895433550/1490469528192970991_stereo_right_camera_5.png	1895433550	531	313	179
facedb/1895433550/1490469528368391036_stereo_right_camera_6.png	1895433550	531	313	179
facedb/1895433550/1490469528937637090_stereo_right_camera_7.png	1895433550	531	313	179
facedb/1895433550/1490469529019339084_stereo_right_camera_8.png	1895433550	531	313	179
facedb/1895433550/1490469529302419900_stereo_right_camera_9.png	1895433550	531	313	179
