facedb/1801314346/1491150491330902099_stereo_right_camera_0.png	1801314346	621	337	43
facedb/1801314346/1491150491702555894_stereo_right_camera_1.png	1801314346	621	337	43
facedb/1801314346/1491150491875313997_stereo_right_camera_2.png	1801314346	621	337	43
facedb/1801314346/1491150491952306032_stereo_right_camera_3.png	1801314346	621	337	43
facedb/1801314346/1491150492129848003_stereo_right_camera_4.png	1801314346	621	337	43
facedb/1801314346/1491150492281696081_stereo_right_camera_5.png	1801314346	621	337	43
facedb/1801314346/1491150492631943941_stereo_right_camera_6.png	1801314346	621	337	43
facedb/1801314346/1491150492797236919_stereo_right_camera_7.png	1801314346	621	337	43
facedb/1801314346/1491150492935872077_stereo_right_camera_8.png	1801314346	621	337	43
facedb/1801314346/1491150493038948059_stereo_right_camera_9.png	1801314346	621	337	43
