facedb/1759576396/1490466505191567897_stereo_right_camera_0.png	1759576396	506	408	338
facedb/1759576396/1490466505323657989_stereo_right_camera_1.png	1759576396	506	408	338
facedb/1759576396/1490466505983156919_stereo_right_camera_2.png	1759576396	506	408	338
facedb/1759576396/1490466506203712940_stereo_right_camera_3.png	1759576396	506	408	338
facedb/1759576396/1490466506575165987_stereo_right_camera_4.png	1759576396	506	408	338
facedb/1759576396/1490466506688838958_stereo_right_camera_5.png	1759576396	506	408	338
facedb/1759576396/1490466506793333053_stereo_right_camera_6.png	1759576396	506	408	338
facedb/1759576396/1490466507023907899_stereo_right_camera_7.png	1759576396	506	408	338
facedb/1759576396/1490466507477652072_stereo_right_camera_8.png	1759576396	506	408	338
facedb/1759576396/1490466507624883890_stereo_right_camera_9.png	1759576396	506	408	338
