facedb/617260719/1490469501248564004_stereo_right_camera_0.png	617260719	670	335	209
facedb/617260719/1490469501855997085_stereo_right_camera_1.png	617260719	670	335	209
facedb/617260719/1490469501964298009_stereo_right_camera_2.png	617260719	670	335	209
facedb/617260719/1490469502369172096_stereo_right_camera_3.png	617260719	670	335	209
facedb/617260719/1490469502846410989_stereo_right_camera_4.png	617260719	670	335	209
facedb/617260719/1490469502946212053_stereo_right_camera_5.png	617260719	670	335	209
facedb/617260719/1490469503107876062_stereo_right_camera_6.png	617260719	670	335	209
facedb/617260719/1490469503219852924_stereo_right_camera_7.png	617260719	670	335	209
facedb/617260719/1490469503326021909_stereo_right_camera_8.png	617260719	670	335	209
facedb/617260719/1490469503848876953_stereo_right_camera_9.png	617260719	670	335	209
