facedb/1788486008/1505671288065634965_stereo_right_camera_0.png	1788486008	900	355	223
facedb/1788486008/1505671288473007917_stereo_right_camera_1.png	1788486008	900	355	223
facedb/1788486008/1505671288671067953_stereo_right_camera_2.png	1788486008	900	355	223
facedb/1788486008/1505671288917264938_stereo_right_camera_3.png	1788486008	900	355	223
facedb/1788486008/1505671289654097080_stereo_right_camera_4.png	1788486008	900	355	223
facedb/1788486008/1505671289654328107_stereo_right_camera_5.png	1788486008	900	355	223
facedb/1788486008/1505671289995368003_stereo_right_camera_6.png	1788486008	900	355	223
facedb/1788486008/1505671290238413095_stereo_right_camera_7.png	1788486008	900	355	223
facedb/1788486008/1505671290487051963_stereo_right_camera_8.png	1788486008	900	355	223
facedb/1788486008/1505671290611876964_stereo_right_camera_9.png	1788486008	900	355	223
