facedb/1007227604/1497729298745259046_stereo_right_camera_0.png	1007227604	594	300	146
facedb/1007227604/1497729298943487882_stereo_right_camera_1.png	1007227604	594	300	146
facedb/1007227604/1497729299310013055_stereo_right_camera_2.png	1007227604	594	300	146
facedb/1007227604/1497729299871258020_stereo_right_camera_3.png	1007227604	594	300	146
facedb/1007227604/1497729300202276945_stereo_right_camera_4.png	1007227604	594	300	146
facedb/1007227604/1497729300537434101_stereo_right_camera_5.png	1007227604	594	300	146
facedb/1007227604/1497729301044600963_stereo_right_camera_6.png	1007227604	594	300	146
facedb/1007227604/1497729301395558118_stereo_right_camera_7.png	1007227604	594	300	146
facedb/1007227604/1497729301563987016_stereo_right_camera_8.png	1007227604	594	300	146
facedb/1007227604/1497729302533871889_stereo_right_camera_9.png	1007227604	594	300	146
