facedb/1616012261/1491079567213646888_stereo_right_camera_0.png	1616012261	559	254	54
facedb/1616012261/1491079567509449005_stereo_right_camera_1.png	1616012261	559	254	54
facedb/1616012261/1491079568020203113_stereo_right_camera_2.png	1616012261	559	254	54
facedb/1616012261/1491079568411645889_stereo_right_camera_3.png	1616012261	559	254	54
facedb/1616012261/1491079568673600912_stereo_right_camera_4.png	1616012261	559	254	54
facedb/1616012261/1491079569200020074_stereo_right_camera_5.png	1616012261	559	254	54
facedb/1616012261/1491079569657954931_stereo_right_camera_6.png	1616012261	559	254	54
facedb/1616012261/1491079569897589921_stereo_right_camera_7.png	1616012261	559	254	54
facedb/1616012261/1491079570012237071_stereo_right_camera_8.png	1616012261	559	254	54
facedb/1616012261/1491079570653876066_stereo_right_camera_9.png	1616012261	559	254	54
