facedb/875050923/1491074392926522016_stereo_right_camera_0.png	875050923	590	261	146
facedb/875050923/1491074393469810009_stereo_right_camera_1.png	875050923	590	261	146
facedb/875050923/1491074393638410091_stereo_right_camera_2.png	875050923	590	261	146
facedb/875050923/1491074393794224977_stereo_right_camera_3.png	875050923	590	261	146
facedb/875050923/1491074393960621118_stereo_right_camera_4.png	875050923	590	261	146
facedb/875050923/1491074394278848886_stereo_right_camera_5.png	875050923	590	261	146
facedb/875050923/1491074394457102060_stereo_right_camera_6.png	875050923	590	261	146
facedb/875050923/1491074394794996023_stereo_right_camera_7.png	875050923	590	261	146
facedb/875050923/1491074394945852994_stereo_right_camera_8.png	875050923	590	261	146
facedb/875050923/1491074395113231897_stereo_right_camera_9.png	875050923	590	261	146
