facedb/1037228703/1490231773461426973_stereo_right_camera_0.png	1037228703	515	238	101
facedb/1037228703/1490231773556430101_stereo_right_camera_1.png	1037228703	515	238	101
facedb/1037228703/1490231773664885997_stereo_right_camera_2.png	1037228703	515	238	101
facedb/1037228703/1490231773762176990_stereo_right_camera_3.png	1037228703	515	238	101
facedb/1037228703/1490231773851165056_stereo_right_camera_4.png	1037228703	515	238	101
facedb/1037228703/1490231773950887918_stereo_right_camera_5.png	1037228703	515	238	101
facedb/1037228703/1490231774026227951_stereo_right_camera_6.png	1037228703	515	238	101
facedb/1037228703/1490231774095762014_stereo_right_camera_7.png	1037228703	515	238	101
facedb/1037228703/1490231774253762006_stereo_right_camera_8.png	1037228703	515	238	101
facedb/1037228703/1490231774349513053_stereo_right_camera_9.png	1037228703	515	238	101
