facedb/1516918221/1505671796848222017_stereo_right_camera_0.png	1516918221	900	269	148
facedb/1516918221/1505671797213563919_stereo_right_camera_1.png	1516918221	900	269	148
facedb/1516918221/1505671797393959999_stereo_right_camera_2.png	1516918221	900	269	148
facedb/1516918221/1505671797583499908_stereo_right_camera_3.png	1516918221	900	269	148
facedb/1516918221/1505671797945940971_stereo_right_camera_4.png	1516918221	900	269	148
facedb/1516918221/1505671798140532970_stereo_right_camera_5.png	1516918221	900	269	148
facedb/1516918221/1505671798398472070_stereo_right_camera_6.png	1516918221	900	269	148
facedb/1516918221/1505671798671540021_stereo_right_camera_7.png	1516918221	900	269	148
facedb/1516918221/1505671798671869993_stereo_right_camera_8.png	1516918221	900	269	148
facedb/1516918221/1505671799113148927_stereo_right_camera_9.png	1516918221	900	269	148
