facedb/1758438988/1493487496918195009_stereo_right_camera_0.png	1758438988	322	237	142
facedb/1758438988/1493487496981853008_stereo_right_camera_1.png	1758438988	322	237	142
facedb/1758438988/1493487497573683023_stereo_right_camera_2.png	1758438988	322	237	142
facedb/1758438988/1493487497720299005_stereo_right_camera_3.png	1758438988	322	237	142
facedb/1758438988/1493487497877099990_stereo_right_camera_4.png	1758438988	322	237	142
facedb/1758438988/1493487498048577070_stereo_right_camera_5.png	1758438988	322	237	142
facedb/1758438988/1493487498221853971_stereo_right_camera_6.png	1758438988	322	237	142
facedb/1758438988/1493487498371053934_stereo_right_camera_7.png	1758438988	322	237	142
facedb/1758438988/1493487498629807949_stereo_right_camera_8.png	1758438988	322	237	142
facedb/1758438988/1493487498796227931_stereo_right_camera_9.png	1758438988	322	237	142
