facedb/1247706788/1491059597725892066_stereo_right_camera_0.png	1247706788	564	336	178
facedb/1247706788/1491059597846456050_stereo_right_camera_1.png	1247706788	564	336	178
facedb/1247706788/1491059598011584997_stereo_right_camera_2.png	1247706788	564	336	178
facedb/1247706788/1491059598159418106_stereo_right_camera_3.png	1247706788	564	336	178
facedb/1247706788/1491059598253417968_stereo_right_camera_4.png	1247706788	564	336	178
facedb/1247706788/1491059598332508087_stereo_right_camera_5.png	1247706788	564	336	178
facedb/1247706788/1491059598448328018_stereo_right_camera_6.png	1247706788	564	336	178
facedb/1247706788/1491059598539479017_stereo_right_camera_7.png	1247706788	564	336	178
facedb/1247706788/1491059598710556983_stereo_right_camera_8.png	1247706788	564	336	178
facedb/1247706788/1491059599061024904_stereo_right_camera_9.png	1247706788	564	336	178
