facedb/1362591965/1497720243817497014_stereo_left_camera_0.png	1362591965	615	347	206
facedb/1362591965/1497720244000900983_stereo_left_camera_1.png	1362591965	615	347	206
facedb/1362591965/1497720244176291942_stereo_left_camera_2.png	1362591965	615	347	206
facedb/1362591965/1497720244362673997_stereo_left_camera_3.png	1362591965	615	347	206
facedb/1362591965/1497720244529486894_stereo_left_camera_4.png	1362591965	615	347	206
facedb/1362591965/1497720244795124053_stereo_left_camera_5.png	1362591965	615	347	206
facedb/1362591965/1497720244987163066_stereo_left_camera_6.png	1362591965	615	347	206
facedb/1362591965/1497720245261785984_stereo_left_camera_7.png	1362591965	615	347	206
facedb/1362591965/1497720245501156091_stereo_left_camera_8.png	1362591965	615	347	206
facedb/1362591965/1497720245584301948_stereo_left_camera_9.png	1362591965	615	347	206
