facedb/514661053/1497726000251624107_stereo_right_camera_0.png	514661053	395	167	67
facedb/514661053/1497726000365843057_stereo_right_camera_1.png	514661053	395	167	67
facedb/514661053/1497726000587975978_stereo_right_camera_2.png	514661053	395	167	67
facedb/514661053/1497726000802386045_stereo_right_camera_3.png	514661053	395	167	67
facedb/514661053/1497726000988533973_stereo_right_camera_4.png	514661053	395	167	67
facedb/514661053/1497726001732069969_stereo_right_camera_5.png	514661053	395	167	67
facedb/514661053/1497726001961781978_stereo_right_camera_6.png	514661053	395	167	67
facedb/514661053/1497726002334320068_stereo_right_camera_7.png	514661053	395	167	67
facedb/514661053/1497726002549729108_stereo_right_camera_8.png	514661053	395	167	67
facedb/514661053/1497726002747973918_stereo_right_camera_9.png	514661053	395	167	67
