facedb/1727724191/1505671291177647113_stereo_right_camera_0.png	1727724191	655	330	186
facedb/1727724191/1505671291494419097_stereo_right_camera_1.png	1727724191	655	330	186
facedb/1727724191/1505671291664937019_stereo_right_camera_2.png	1727724191	655	330	186
facedb/1727724191/1505671292063188076_stereo_right_camera_3.png	1727724191	655	330	186
facedb/1727724191/1505671292181027889_stereo_right_camera_4.png	1727724191	655	330	186
facedb/1727724191/1505671292669338941_stereo_right_camera_5.png	1727724191	655	330	186
facedb/1727724191/1505671293013493061_stereo_right_camera_6.png	1727724191	655	330	186
facedb/1727724191/1505671293419584989_stereo_right_camera_7.png	1727724191	655	330	186
facedb/1727724191/1505671293644057989_stereo_right_camera_8.png	1727724191	655	330	186
facedb/1727724191/1505671293872194051_stereo_right_camera_9.png	1727724191	655	330	186
