facedb/94653097/1491071856050304889_stereo_right_camera_0.png	94653097	451	271	158
facedb/94653097/1491071856173392057_stereo_right_camera_1.png	94653097	451	271	158
facedb/94653097/1491071856496401071_stereo_right_camera_2.png	94653097	451	271	158
facedb/94653097/1491071856886730909_stereo_right_camera_3.png	94653097	451	271	158
facedb/94653097/1491071857584103107_stereo_right_camera_4.png	94653097	451	271	158
facedb/94653097/1491071857665582895_stereo_right_camera_5.png	94653097	451	271	158
facedb/94653097/1491071857884699106_stereo_right_camera_6.png	94653097	451	271	158
facedb/94653097/1491071858070092916_stereo_right_camera_7.png	94653097	451	271	158
facedb/94653097/1491071858166201114_stereo_right_camera_8.png	94653097	451	271	158
facedb/94653097/1491071858260015964_stereo_right_camera_9.png	94653097	451	271	158
