facedb/986211170/1490830260773927927_stereo_right_camera_0.png	986211170	624	412	238
facedb/986211170/1490830260887994050_stereo_right_camera_1.png	986211170	624	412	238
facedb/986211170/1490830261002734899_stereo_right_camera_2.png	986211170	624	412	238
facedb/986211170/1490830261115349054_stereo_right_camera_3.png	986211170	624	412	238
facedb/986211170/1490830261752851009_stereo_right_camera_4.png	986211170	624	412	238
facedb/986211170/1490830261873302936_stereo_right_camera_5.png	986211170	624	412	238
facedb/986211170/1490830262004141092_stereo_right_camera_6.png	986211170	624	412	238
facedb/986211170/1490830262142555952_stereo_right_camera_7.png	986211170	624	412	238
facedb/986211170/1490830262259598970_stereo_right_camera_8.png	986211170	624	412	238
facedb/986211170/1490830262394872903_stereo_right_camera_9.png	986211170	624	412	238
