facedb/456481198/1521906121060956001_stereo_right_camera_0.png	456481198	543	305	103
facedb/456481198/1521906121425971031_stereo_right_camera_1.png	456481198	543	305	103
facedb/456481198/1521906121647363901_stereo_right_camera_2.png	456481198	543	305	103
facedb/456481198/1521906121897104024_stereo_right_camera_3.png	456481198	543	305	103
facedb/456481198/1521906122122073888_stereo_right_camera_4.png	456481198	543	305	103
facedb/456481198/1521906122515743970_stereo_right_camera_5.png	456481198	543	305	103
facedb/456481198/1521906122759221076_stereo_right_camera_6.png	456481198	543	305	103
facedb/456481198/1521906122935275077_stereo_right_camera_7.png	456481198	543	305	103
facedb/456481198/1521906123284444093_stereo_right_camera_8.png	456481198	543	305	103
facedb/456481198/1521906123617536067_stereo_right_camera_9.png	456481198	543	305	103
