facedb/1204954629/1490234527762202024_stereo_right_camera_0.png	1204954629	499	289	189
facedb/1204954629/1490234527882217884_stereo_right_camera_1.png	1204954629	499	289	189
facedb/1204954629/1490234528073098897_stereo_right_camera_2.png	1204954629	499	289	189
facedb/1204954629/1490234528168920040_stereo_right_camera_3.png	1204954629	499	289	189
facedb/1204954629/1490234528252454996_stereo_right_camera_4.png	1204954629	499	289	189
facedb/1204954629/1490234528333182096_stereo_right_camera_5.png	1204954629	499	289	189
facedb/1204954629/1490234528428963899_stereo_right_camera_6.png	1204954629	499	289	189
facedb/1204954629/1490234528514751911_stereo_right_camera_7.png	1204954629	499	289	189
facedb/1204954629/1490234528662324905_stereo_right_camera_8.png	1204954629	499	289	189
facedb/1204954629/1490234529152745962_stereo_right_camera_9.png	1204954629	499	289	189
