facedb/1439901210/1491079587888967990_stereo_right_camera_0.png	1439901210	405	207	135
facedb/1439901210/1491079587990509986_stereo_right_camera_1.png	1439901210	405	207	135
facedb/1439901210/1491079588203258991_stereo_right_camera_2.png	1439901210	405	207	135
facedb/1439901210/1491079588293576955_stereo_right_camera_3.png	1439901210	405	207	135
facedb/1439901210/1491079588501264095_stereo_right_camera_4.png	1439901210	405	207	135
facedb/1439901210/1491079588705677986_stereo_right_camera_5.png	1439901210	405	207	135
facedb/1439901210/1491079588907990932_stereo_right_camera_6.png	1439901210	405	207	135
facedb/1439901210/1491079589027544975_stereo_right_camera_7.png	1439901210	405	207	135
facedb/1439901210/1491079589456964969_stereo_right_camera_8.png	1439901210	405	207	135
facedb/1439901210/1491079589576919078_stereo_right_camera_9.png	1439901210	405	207	135
