facedb/965572187/1491060280378891944_stereo_right_camera_0.png	965572187	577	291	172
facedb/965572187/1491060280593585968_stereo_right_camera_1.png	965572187	577	291	172
facedb/965572187/1491060280708372116_stereo_right_camera_2.png	965572187	577	291	172
facedb/965572187/1491060280849247932_stereo_right_camera_3.png	965572187	577	291	172
facedb/965572187/1491060280922465085_stereo_right_camera_4.png	965572187	577	291	172
facedb/965572187/1491060281001274108_stereo_right_camera_5.png	965572187	577	291	172
facedb/965572187/1491060281104661941_stereo_right_camera_6.png	965572187	577	291	172
facedb/965572187/1491060281258924961_stereo_right_camera_7.png	965572187	577	291	172
facedb/965572187/1491060281361172914_stereo_right_camera_8.png	965572187	577	291	172
facedb/965572187/1491060281805466890_stereo_right_camera_9.png	965572187	577	291	172
