facedb/32259688/1491056656458089113_stereo_right_camera_0.png	32259688	407	266	172
facedb/32259688/1491056656582083940_stereo_right_camera_1.png	32259688	407	266	172
facedb/32259688/1491056656766936063_stereo_right_camera_2.png	32259688	407	266	172
facedb/32259688/1491056657033638954_stereo_right_camera_3.png	32259688	407	266	172
facedb/32259688/1491056657134531021_stereo_right_camera_4.png	32259688	407	266	172
facedb/32259688/1491056657370488882_stereo_right_camera_5.png	32259688	407	266	172
facedb/32259688/1491056657481820106_stereo_right_camera_6.png	32259688	407	266	172
facedb/32259688/1491056657656635999_stereo_right_camera_7.png	32259688	407	266	172
facedb/32259688/1491056657740700960_stereo_right_camera_8.png	32259688	407	266	172
facedb/32259688/1491056657888025045_stereo_right_camera_9.png	32259688	407	266	172
