facedb/905471110/1491062170052103042_stereo_right_camera_0.png	905471110	368	230	129
facedb/905471110/1491062170154795885_stereo_right_camera_1.png	905471110	368	230	129
facedb/905471110/1491062170384290933_stereo_right_camera_2.png	905471110	368	230	129
facedb/905471110/1491062170498397111_stereo_right_camera_3.png	905471110	368	230	129
facedb/905471110/1491062170725230932_stereo_right_camera_4.png	905471110	368	230	129
facedb/905471110/1491062170816678047_stereo_right_camera_5.png	905471110	368	230	129
facedb/905471110/1491062171198368072_stereo_right_camera_6.png	905471110	368	230	129
facedb/905471110/1491062171323115110_stereo_right_camera_7.png	905471110	368	230	129
facedb/905471110/1491062171425940990_stereo_right_camera_8.png	905471110	368	230	129
facedb/905471110/1491062171543104887_stereo_right_camera_9.png	905471110	368	230	129
