facedb/903155261/1490465906575763940_stereo_right_camera_0.png	903155261	593	384	274
facedb/903155261/1490465906660921096_stereo_right_camera_1.png	903155261	593	384	274
facedb/903155261/1490465906811863899_stereo_right_camera_2.png	903155261	593	384	274
facedb/903155261/1490465906916587114_stereo_right_camera_3.png	903155261	593	384	274
facedb/903155261/1490465907013797998_stereo_right_camera_4.png	903155261	593	384	274
facedb/903155261/1490465907128995895_stereo_right_camera_5.png	903155261	593	384	274
facedb/903155261/1490465907229607105_stereo_right_camera_6.png	903155261	593	384	274
facedb/903155261/1490465907318141937_stereo_right_camera_7.png	903155261	593	384	274
facedb/903155261/1490465907415164947_stereo_right_camera_8.png	903155261	593	384	274
facedb/903155261/1490465907500619888_stereo_right_camera_9.png	903155261	593	384	274
