facedb/779312650/1491062650755937099_stereo_right_camera_0.png	779312650	609	302	162
facedb/779312650/1491062651144279003_stereo_right_camera_1.png	779312650	609	302	162
facedb/779312650/1491062651325927972_stereo_right_camera_2.png	779312650	609	302	162
facedb/779312650/1491062651449356079_stereo_right_camera_3.png	779312650	609	302	162
facedb/779312650/1491062651581233978_stereo_right_camera_4.png	779312650	609	302	162
facedb/779312650/1491062651700449943_stereo_right_camera_5.png	779312650	609	302	162
facedb/779312650/1491062652172775030_stereo_right_camera_6.png	779312650	609	302	162
facedb/779312650/1491062652270891904_stereo_right_camera_7.png	779312650	609	302	162
facedb/779312650/1491062652402702093_stereo_right_camera_8.png	779312650	609	302	162
facedb/779312650/1491062652508398056_stereo_right_camera_9.png	779312650	609	302	162
