facedb/1716440159/1491067531375068902_stereo_right_camera_0.png	1716440159	467	313	197
facedb/1716440159/1491067531579230070_stereo_right_camera_1.png	1716440159	467	313	197
facedb/1716440159/1491067531755844116_stereo_right_camera_2.png	1716440159	467	313	197
facedb/1716440159/1491067531911123037_stereo_right_camera_3.png	1716440159	467	313	197
facedb/1716440159/1491067532054984092_stereo_right_camera_4.png	1716440159	467	313	197
facedb/1716440159/1491067532223896980_stereo_right_camera_5.png	1716440159	467	313	197
facedb/1716440159/1491067532381675958_stereo_right_camera_6.png	1716440159	467	313	197
facedb/1716440159/1491067532498709917_stereo_right_camera_7.png	1716440159	467	313	197
facedb/1716440159/1491067532682509899_stereo_right_camera_8.png	1716440159	467	313	197
facedb/1716440159/1491067532775765895_stereo_right_camera_9.png	1716440159	467	313	197
