facedb/1792913954/1495671588628762006_stereo_right_camera_0.png	1792913954	576	307	201
facedb/1792913954/1495671588863369941_stereo_right_camera_1.png	1792913954	576	307	201
facedb/1792913954/1495671589040729999_stereo_right_camera_2.png	1792913954	576	307	201
facedb/1792913954/1495671589435172080_stereo_right_camera_3.png	1792913954	576	307	201
facedb/1792913954/1495671589606545925_stereo_right_camera_4.png	1792913954	576	307	201
facedb/1792913954/1495671589764874935_stereo_right_camera_5.png	1792913954	576	307	201
facedb/1792913954/1495671589985548973_stereo_right_camera_6.png	1792913954	576	307	201
facedb/1792913954/1495671590411015987_stereo_right_camera_7.png	1792913954	576	307	201
facedb/1792913954/1495671591166380882_stereo_right_camera_8.png	1792913954	576	307	201
facedb/1792913954/1495671591343450069_stereo_right_camera_9.png	1792913954	576	307	201
