facedb/1974090266/1508511709739896059_stereo_right_camera_0.png	1974090266	695	419	267
facedb/1974090266/1508511710007873058_stereo_right_camera_1.png	1974090266	695	419	267
facedb/1974090266/1508511710308026075_stereo_right_camera_2.png	1974090266	695	419	267
facedb/1974090266/1508511710529665946_stereo_right_camera_3.png	1974090266	695	419	267
facedb/1974090266/1508511710796380043_stereo_right_camera_4.png	1974090266	695	419	267
facedb/1974090266/1508511711035700082_stereo_right_camera_5.png	1974090266	695	419	267
facedb/1974090266/1508511711227117061_stereo_right_camera_6.png	1974090266	695	419	267
facedb/1974090266/1508511711304106950_stereo_right_camera_7.png	1974090266	695	419	267
facedb/1974090266/1508511711688014984_stereo_right_camera_8.png	1974090266	695	419	267
facedb/1974090266/1508511711887331962_stereo_right_camera_9.png	1974090266	695	419	267
