facedb/462868708/1495576750922568082_stereo_right_camera_0.png	462868708	516	402	258
facedb/462868708/1495576751637227058_stereo_right_camera_1.png	462868708	516	402	258
facedb/462868708/1495576751827152013_stereo_right_camera_2.png	462868708	516	402	258
facedb/462868708/1495576752031078100_stereo_right_camera_3.png	462868708	516	402	258
facedb/462868708/1495576752217607975_stereo_right_camera_4.png	462868708	516	402	258
facedb/462868708/1495576752328171014_stereo_right_camera_5.png	462868708	516	402	258
facedb/462868708/1495576752529587030_stereo_right_camera_6.png	462868708	516	402	258
facedb/462868708/1495576752766115903_stereo_right_camera_7.png	462868708	516	402	258
facedb/462868708/1495576752943183898_stereo_right_camera_8.png	462868708	516	402	258
facedb/462868708/1495576753126446962_stereo_right_camera_9.png	462868708	516	402	258
