facedb/1985265061/1491069395791548967_stereo_right_camera_0.png	1985265061	552	305	177
facedb/1985265061/1491069395997494935_stereo_right_camera_1.png	1985265061	552	305	177
facedb/1985265061/1491069396162255048_stereo_right_camera_2.png	1985265061	552	305	177
facedb/1985265061/1491069396484669923_stereo_right_camera_3.png	1985265061	552	305	177
facedb/1985265061/1491069396580775022_stereo_right_camera_4.png	1985265061	552	305	177
facedb/1985265061/1491069396772196054_stereo_right_camera_5.png	1985265061	552	305	177
facedb/1985265061/1491069396888598918_stereo_right_camera_6.png	1985265061	552	305	177
facedb/1985265061/1491069397051778078_stereo_right_camera_7.png	1985265061	552	305	177
facedb/1985265061/1491069397257240056_stereo_right_camera_8.png	1985265061	552	305	177
facedb/1985265061/1491069397434442043_stereo_right_camera_9.png	1985265061	552	305	177
