facedb/903827463/1491146029204922914_stereo_right_camera_0.png	903827463	532	325	203
facedb/903827463/1491146029490369081_stereo_right_camera_1.png	903827463	532	325	203
facedb/903827463/1491146029708002090_stereo_right_camera_2.png	903827463	532	325	203
facedb/903827463/1491146029962747097_stereo_right_camera_3.png	903827463	532	325	203
facedb/903827463/1491146030046947002_stereo_right_camera_4.png	903827463	532	325	203
facedb/903827463/1491146030125360965_stereo_right_camera_5.png	903827463	532	325	203
facedb/903827463/1491146030367332935_stereo_right_camera_6.png	903827463	532	325	203
facedb/903827463/1491146030448810100_stereo_right_camera_7.png	903827463	532	325	203
facedb/903827463/1491146030677053928_stereo_right_camera_8.png	903827463	532	325	203
facedb/903827463/1491146030767060041_stereo_right_camera_9.png	903827463	532	325	203
