facedb/930178575/1521906583592369079_stereo_right_camera_0.png	930178575	402	268	148
facedb/930178575/1521906583824457883_stereo_right_camera_1.png	930178575	402	268	148
facedb/930178575/1521906584095005989_stereo_right_camera_2.png	930178575	402	268	148
facedb/930178575/1521906584424721002_stereo_right_camera_3.png	930178575	402	268	148
facedb/930178575/1521906584684217929_stereo_right_camera_4.png	930178575	402	268	148
facedb/930178575/1521906584887157917_stereo_right_camera_5.png	930178575	402	268	148
facedb/930178575/1521906585182391881_stereo_right_camera_6.png	930178575	402	268	148
facedb/930178575/1521906585453346014_stereo_right_camera_7.png	930178575	402	268	148
facedb/930178575/1521906585562927961_stereo_right_camera_8.png	930178575	402	268	148
facedb/930178575/1521906585942186117_stereo_right_camera_9.png	930178575	402	268	148
