facedb/1272301312/1491074499840564966_stereo_right_camera_0.png	1272301312	493	255	138
facedb/1272301312/1491074500198919057_stereo_right_camera_1.png	1272301312	493	255	138
facedb/1272301312/1491074500386758089_stereo_right_camera_2.png	1272301312	493	255	138
facedb/1272301312/1491074500570523977_stereo_right_camera_3.png	1272301312	493	255	138
facedb/1272301312/1491074500768513917_stereo_right_camera_4.png	1272301312	493	255	138
facedb/1272301312/1491074500886416912_stereo_right_camera_5.png	1272301312	493	255	138
facedb/1272301312/1491074501141983985_stereo_right_camera_6.png	1272301312	493	255	138
facedb/1272301312/1491074501242469072_stereo_right_camera_7.png	1272301312	493	255	138
facedb/1272301312/1491074501432518005_stereo_right_camera_8.png	1272301312	493	255	138
facedb/1272301312/1491074501623764038_stereo_right_camera_9.png	1272301312	493	255	138
