facedb/167132356/1493484067906740903_stereo_right_camera_0.png	167132356	365	257	179
facedb/167132356/1493484068148031949_stereo_right_camera_1.png	167132356	365	257	179
facedb/167132356/1493484068430388927_stereo_right_camera_2.png	167132356	365	257	179
facedb/167132356/1493484068521255016_stereo_right_camera_3.png	167132356	365	257	179
facedb/167132356/1493484068677973985_stereo_right_camera_4.png	167132356	365	257	179
facedb/167132356/1493484068774590015_stereo_right_camera_5.png	167132356	365	257	179
facedb/167132356/1493484068972054004_stereo_right_camera_6.png	167132356	365	257	179
facedb/167132356/1493484069076607942_stereo_right_camera_7.png	167132356	365	257	179
facedb/167132356/1493484069235420942_stereo_right_camera_8.png	167132356	365	257	179
facedb/167132356/1493484069475785970_stereo_right_camera_9.png	167132356	365	257	179
