facedb/1522147195/1523823352390494108_stereo_right_camera_0.png	1522147195	638	459	315
facedb/1522147195/1523823352540177106_stereo_right_camera_1.png	1522147195	638	459	315
facedb/1522147195/1523823353517641067_stereo_right_camera_2.png	1522147195	638	459	315
facedb/1522147195/1523823353696059942_stereo_right_camera_3.png	1522147195	638	459	315
facedb/1522147195/1523823354070497989_stereo_right_camera_4.png	1522147195	638	459	315
facedb/1522147195/1523823354151179075_stereo_right_camera_5.png	1522147195	638	459	315
facedb/1522147195/1523823354646140098_stereo_right_camera_6.png	1522147195	638	459	315
facedb/1522147195/1523823354850650072_stereo_right_camera_7.png	1522147195	638	459	315
facedb/1522147195/1523823355195811033_stereo_right_camera_8.png	1522147195	638	459	315
facedb/1522147195/1523823355475070953_stereo_right_camera_9.png	1522147195	638	459	315
