facedb/1253604734/1490830286940195083_stereo_right_camera_0.png	1253604734	638	282	112
facedb/1253604734/1490830287084095001_stereo_right_camera_1.png	1253604734	638	282	112
facedb/1253604734/1490830287192389011_stereo_right_camera_2.png	1253604734	638	282	112
facedb/1253604734/1490830287423683881_stereo_right_camera_3.png	1253604734	638	282	112
facedb/1253604734/1490830287520704030_stereo_right_camera_4.png	1253604734	638	282	112
facedb/1253604734/1490830287607687950_stereo_right_camera_5.png	1253604734	638	282	112
facedb/1253604734/1490830287721621990_stereo_right_camera_6.png	1253604734	638	282	112
facedb/1253604734/1490830287912540912_stereo_right_camera_7.png	1253604734	638	282	112
facedb/1253604734/1490830288169719934_stereo_right_camera_8.png	1253604734	638	282	112
facedb/1253604734/1490830288253185033_stereo_right_camera_9.png	1253604734	638	282	112
