facedb/1421353098/1497720710646827936_stereo_right_camera_0.png	1421353098	379	198	109
facedb/1421353098/1497720711030508995_stereo_right_camera_1.png	1421353098	379	198	109
facedb/1421353098/1497720711137995004_stereo_right_camera_2.png	1421353098	379	198	109
facedb/1421353098/1497720711374954938_stereo_right_camera_3.png	1421353098	379	198	109
facedb/1421353098/1497720711537926912_stereo_right_camera_4.png	1421353098	379	198	109
facedb/1421353098/1497720711948476076_stereo_right_camera_5.png	1421353098	379	198	109
facedb/1421353098/1497720712253659963_stereo_right_camera_6.png	1421353098	379	198	109
facedb/1421353098/1497720712428411006_stereo_right_camera_7.png	1421353098	379	198	109
facedb/1421353098/1497720712586236000_stereo_right_camera_8.png	1421353098	379	198	109
facedb/1421353098/1497720712864162921_stereo_right_camera_9.png	1421353098	379	198	109
