facedb/142011878/1490465856760289907_stereo_right_camera_0.png	142011878	421	199	52
facedb/142011878/1490465856842830896_stereo_right_camera_1.png	142011878	421	199	52
facedb/142011878/1490465856970143079_stereo_right_camera_2.png	142011878	421	199	52
facedb/142011878/1490465857047489881_stereo_right_camera_3.png	142011878	421	199	52
facedb/142011878/1490465857127800941_stereo_right_camera_4.png	142011878	421	199	52
facedb/142011878/1490465857226684093_stereo_right_camera_5.png	142011878	421	199	52
facedb/142011878/1490465857303658962_stereo_right_camera_6.png	142011878	421	199	52
facedb/142011878/1490465857396852016_stereo_right_camera_7.png	142011878	421	199	52
facedb/142011878/1490465857495340108_stereo_right_camera_8.png	142011878	421	199	52
facedb/142011878/1490465857586869955_stereo_right_camera_9.png	142011878	421	199	52
