facedb/245322258/1498232269321719884_stereo_right_camera_0.png	245322258	511	319	208
facedb/245322258/1498232269515975952_stereo_right_camera_1.png	245322258	511	319	208
facedb/245322258/1498232269713881015_stereo_right_camera_2.png	245322258	511	319	208
facedb/245322258/1498232269887285947_stereo_right_camera_3.png	245322258	511	319	208
facedb/245322258/1498232270118434906_stereo_right_camera_4.png	245322258	511	319	208
facedb/245322258/1498232270359812974_stereo_right_camera_5.png	245322258	511	319	208
facedb/245322258/1498232270545584917_stereo_right_camera_6.png	245322258	511	319	208
facedb/245322258/1498232271008975028_stereo_right_camera_7.png	245322258	511	319	208
facedb/245322258/1498232271636502981_stereo_right_camera_8.png	245322258	511	319	208
facedb/245322258/1498232272341001033_stereo_right_camera_9.png	245322258	511	319	208
