facedb/919266541/1495672086389755964_stereo_right_camera_0.png	919266541	591	434	293
facedb/919266541/1495672086686197042_stereo_right_camera_1.png	919266541	591	434	293
facedb/919266541/1495672086958939075_stereo_right_camera_2.png	919266541	591	434	293
facedb/919266541/1495672087513528108_stereo_right_camera_3.png	919266541	591	434	293
facedb/919266541/1495672087693845987_stereo_right_camera_4.png	919266541	591	434	293
facedb/919266541/1495672087885999917_stereo_right_camera_5.png	919266541	591	434	293
facedb/919266541/1495672088042998075_stereo_right_camera_6.png	919266541	591	434	293
facedb/919266541/1495672088673222064_stereo_right_camera_7.png	919266541	591	434	293
facedb/919266541/1495672089008047103_stereo_right_camera_8.png	919266541	591	434	293
facedb/919266541/1495672089195002079_stereo_right_camera_9.png	919266541	591	434	293
