facedb/488365082/1490233315597273111_stereo_right_camera_0.png	488365082	520	332	227
facedb/488365082/1490233315697695970_stereo_right_camera_1.png	488365082	520	332	227
facedb/488365082/1490233315809288024_stereo_right_camera_2.png	488365082	520	332	227
facedb/488365082/1490233315937491893_stereo_right_camera_3.png	488365082	520	332	227
facedb/488365082/1490233316059530019_stereo_right_camera_4.png	488365082	520	332	227
facedb/488365082/1490233316165226936_stereo_right_camera_5.png	488365082	520	332	227
facedb/488365082/1490233316410744905_stereo_right_camera_6.png	488365082	520	332	227
facedb/488365082/1490233316641855001_stereo_right_camera_7.png	488365082	520	332	227
facedb/488365082/1490233316772115945_stereo_right_camera_8.png	488365082	520	332	227
facedb/488365082/1490233316895410060_stereo_right_camera_9.png	488365082	520	332	227
