facedb/402043283/1496182828838757038_stereo_right_camera_0.png	402043283	553	346	166
facedb/402043283/1496182829041071891_stereo_right_camera_1.png	402043283	553	346	166
facedb/402043283/1496182829438476085_stereo_right_camera_2.png	402043283	553	346	166
facedb/402043283/1496182829671484947_stereo_right_camera_3.png	402043283	553	346	166
facedb/402043283/1496182830085772991_stereo_right_camera_4.png	402043283	553	346	166
facedb/402043283/1496182830286817073_stereo_right_camera_5.png	402043283	553	346	166
facedb/402043283/1496182830496381044_stereo_right_camera_6.png	402043283	553	346	166
facedb/402043283/1496182830709903001_stereo_right_camera_7.png	402043283	553	346	166
facedb/402043283/1496182831141242027_stereo_right_camera_8.png	402043283	553	346	166
facedb/402043283/1496182831546125888_stereo_right_camera_9.png	402043283	553	346	166
