facedb/964108491/1490469683287724018_stereo_right_camera_0.png	964108491	531	276	131
facedb/964108491/1490469684160432100_stereo_right_camera_1.png	964108491	531	276	131
facedb/964108491/1490469684557666063_stereo_right_camera_2.png	964108491	531	276	131
facedb/964108491/1490469684662637948_stereo_right_camera_3.png	964108491	531	276	131
facedb/964108491/1490469685006953954_stereo_right_camera_4.png	964108491	531	276	131
facedb/964108491/1490469685167382001_stereo_right_camera_5.png	964108491	531	276	131
facedb/964108491/1490469685276979923_stereo_right_camera_6.png	964108491	531	276	131
facedb/964108491/1490469685434603929_stereo_right_camera_7.png	964108491	531	276	131
facedb/964108491/1490469686209275007_stereo_right_camera_8.png	964108491	531	276	131
facedb/964108491/1490469686281907081_stereo_right_camera_9.png	964108491	531	276	131
