facedb/385048805/1490231126721769094_stereo_right_camera_0.png	385048805	501	158	51
facedb/385048805/1490231126913564920_stereo_right_camera_1.png	385048805	501	158	51
facedb/385048805/1490231127001416921_stereo_right_camera_2.png	385048805	501	158	51
facedb/385048805/1490231127155639886_stereo_right_camera_3.png	385048805	501	158	51
facedb/385048805/1490231127233448028_stereo_right_camera_4.png	385048805	501	158	51
facedb/385048805/1490231127307288885_stereo_right_camera_5.png	385048805	501	158	51
facedb/385048805/1490231127381517887_stereo_right_camera_6.png	385048805	501	158	51
facedb/385048805/1490231127458806037_stereo_right_camera_7.png	385048805	501	158	51
facedb/385048805/1490231127582226991_stereo_right_camera_8.png	385048805	501	158	51
facedb/385048805/1490231127663314104_stereo_right_camera_9.png	385048805	501	158	51
