facedb/1794664137/1491146130516807079_stereo_right_camera_0.png	1794664137	539	240	48
facedb/1794664137/1491146130742322921_stereo_right_camera_1.png	1794664137	539	240	48
facedb/1794664137/1491146130847892999_stereo_right_camera_2.png	1794664137	539	240	48
facedb/1794664137/1491146131026595115_stereo_right_camera_3.png	1794664137	539	240	48
facedb/1794664137/1491146131297084093_stereo_right_camera_4.png	1794664137	539	240	48
facedb/1794664137/1491146131518981933_stereo_right_camera_5.png	1794664137	539	240	48
facedb/1794664137/1491146131607630968_stereo_right_camera_6.png	1794664137	539	240	48
facedb/1794664137/1491146131945413112_stereo_right_camera_7.png	1794664137	539	240	48
facedb/1794664137/1491146132040538072_stereo_right_camera_8.png	1794664137	539	240	48
facedb/1794664137/1491146132224169015_stereo_right_camera_9.png	1794664137	539	240	48
