facedb/351439514/1490231773048984050_stereo_left_camera_0.png	351439514	517	309	132
facedb/351439514/1490231773190646886_stereo_left_camera_1.png	351439514	517	309	132
facedb/351439514/1490231773377449989_stereo_left_camera_2.png	351439514	517	309	132
facedb/351439514/1490231773664518117_stereo_left_camera_3.png	351439514	517	309	132
facedb/351439514/1490231773761858940_stereo_left_camera_4.png	351439514	517	309	132
facedb/351439514/1490231773950515031_stereo_left_camera_5.png	351439514	517	309	132
facedb/351439514/1490231774095355033_stereo_left_camera_6.png	351439514	517	309	132
facedb/351439514/1490231774253371953_stereo_left_camera_7.png	351439514	517	309	132
facedb/351439514/1490231774349179983_stereo_left_camera_8.png	351439514	517	309	132
facedb/351439514/1490231774430090904_stereo_left_camera_9.png	351439514	517	309	132
