facedb/442591500/1491062039091136932_stereo_right_camera_0.png	442591500	412	138	45
facedb/442591500/1491062039364567041_stereo_right_camera_1.png	442591500	412	138	45
facedb/442591500/1491062039631361961_stereo_right_camera_2.png	442591500	412	138	45
facedb/442591500/1491062039756385087_stereo_right_camera_3.png	442591500	412	138	45
facedb/442591500/1491062039865328073_stereo_right_camera_4.png	442591500	412	138	45
facedb/442591500/1491062040014878034_stereo_right_camera_5.png	442591500	412	138	45
facedb/442591500/1491062040292233943_stereo_right_camera_6.png	442591500	412	138	45
facedb/442591500/1491062040383327007_stereo_right_camera_7.png	442591500	412	138	45
facedb/442591500/1491062040624062061_stereo_right_camera_8.png	442591500	412	138	45
facedb/442591500/1491062040730149030_stereo_right_camera_9.png	442591500	412	138	45
