facedb/1992602558/1493487030933593988_stereo_right_camera_0.png	1992602558	555	294	66
facedb/1992602558/1493487031158401966_stereo_right_camera_1.png	1992602558	555	294	66
facedb/1992602558/1493487031332906961_stereo_right_camera_2.png	1992602558	555	294	66
facedb/1992602558/1493487031828397989_stereo_right_camera_3.png	1992602558	555	294	66
facedb/1992602558/1493487032053847074_stereo_right_camera_4.png	1992602558	555	294	66
facedb/1992602558/1493487032206547975_stereo_right_camera_5.png	1992602558	555	294	66
facedb/1992602558/1493487032381725072_stereo_right_camera_6.png	1992602558	555	294	66
facedb/1992602558/1493487032611152887_stereo_right_camera_7.png	1992602558	555	294	66
facedb/1992602558/1493487032793034076_stereo_right_camera_8.png	1992602558	555	294	66
facedb/1992602558/1493487033245688915_stereo_right_camera_9.png	1992602558	555	294	66
