facedb/1952920351/1505673830192806005_stereo_right_camera_0.png	1952920351	900	357	214
facedb/1952920351/1505673830811274051_stereo_right_camera_1.png	1952920351	900	357	214
facedb/1952920351/1505673831080259084_stereo_right_camera_2.png	1952920351	900	357	214
facedb/1952920351/1505673831584069013_stereo_right_camera_3.png	1952920351	900	357	214
facedb/1952920351/1505673831739372968_stereo_right_camera_4.png	1952920351	900	357	214
facedb/1952920351/1505673831877968072_stereo_right_camera_5.png	1952920351	900	357	214
facedb/1952920351/1505673832103964090_stereo_right_camera_6.png	1952920351	900	357	214
facedb/1952920351/1505673832507358074_stereo_right_camera_7.png	1952920351	900	357	214
facedb/1952920351/1505673832690613031_stereo_right_camera_8.png	1952920351	900	357	214
facedb/1952920351/1505673832691476106_stereo_right_camera_9.png	1952920351	900	357	214
