facedb/803688109/1490231460199347019_stereo_right_camera_0.png	803688109	638	414	237
facedb/803688109/1490231460324933052_stereo_right_camera_1.png	803688109	638	414	237
facedb/803688109/1490231460427453994_stereo_right_camera_2.png	803688109	638	414	237
facedb/803688109/1490231460526607036_stereo_right_camera_3.png	803688109	638	414	237
facedb/803688109/1490231460636643886_stereo_right_camera_4.png	803688109	638	414	237
facedb/803688109/1490231460742851018_stereo_right_camera_5.png	803688109	638	414	237
facedb/803688109/1490231460836452960_stereo_right_camera_6.png	803688109	638	414	237
facedb/803688109/1490231460939347028_stereo_right_camera_7.png	803688109	638	414	237
facedb/803688109/1490231461043728113_stereo_right_camera_8.png	803688109	638	414	237
facedb/803688109/1490231461134769916_stereo_right_camera_9.png	803688109	638	414	237
