facedb/569340813/1494102328006234884_stereo_right_camera_0.png	569340813	389	258	174
facedb/569340813/1494102328105722904_stereo_right_camera_1.png	569340813	389	258	174
facedb/569340813/1494102328281670093_stereo_right_camera_2.png	569340813	389	258	174
facedb/569340813/1494102328473349094_stereo_right_camera_3.png	569340813	389	258	174
facedb/569340813/1494102328659683942_stereo_right_camera_4.png	569340813	389	258	174
facedb/569340813/1494102328749986886_stereo_right_camera_5.png	569340813	389	258	174
facedb/569340813/1494102328845205068_stereo_right_camera_6.png	569340813	389	258	174
facedb/569340813/1494102329123801946_stereo_right_camera_7.png	569340813	389	258	174
facedb/569340813/1494102329436024904_stereo_right_camera_8.png	569340813	389	258	174
facedb/569340813/1494102329525926113_stereo_right_camera_9.png	569340813	389	258	174
