facedb/1602054060/1490233643534964084_stereo_right_camera_0.png	1602054060	598	289	132
facedb/1602054060/1490233643668489933_stereo_right_camera_1.png	1602054060	598	289	132
facedb/1602054060/1490233643777008056_stereo_right_camera_2.png	1602054060	598	289	132
facedb/1602054060/1490233643878714084_stereo_right_camera_3.png	1602054060	598	289	132
facedb/1602054060/1490233644102099895_stereo_right_camera_4.png	1602054060	598	289	132
facedb/1602054060/1490233644239850044_stereo_right_camera_5.png	1602054060	598	289	132
facedb/1602054060/1490233644502368927_stereo_right_camera_6.png	1602054060	598	289	132
facedb/1602054060/1490233644911288976_stereo_right_camera_7.png	1602054060	598	289	132
facedb/1602054060/1490233645276654005_stereo_right_camera_8.png	1602054060	598	289	132
facedb/1602054060/1490233645353760957_stereo_right_camera_9.png	1602054060	598	289	132
