facedb/151960881/1490470339142030954_stereo_left_camera_0.png	151960881	584	303	147
facedb/151960881/1490470339433424949_stereo_left_camera_1.png	151960881	584	303	147
facedb/151960881/1490470340019664049_stereo_left_camera_2.png	151960881	584	303	147
facedb/151960881/1490470340188690900_stereo_left_camera_3.png	151960881	584	303	147
facedb/151960881/1490470340477431058_stereo_left_camera_4.png	151960881	584	303	147
facedb/151960881/1490470341239166021_stereo_left_camera_5.png	151960881	584	303	147
facedb/151960881/1490470341663724899_stereo_left_camera_6.png	151960881	584	303	147
facedb/151960881/1490470342231344938_stereo_left_camera_7.png	151960881	584	303	147
facedb/151960881/1490470342502212047_stereo_left_camera_8.png	151960881	584	303	147
facedb/151960881/1490470343076112985_stereo_left_camera_9.png	151960881	584	303	147
