facedb/319894693/1490232987460520982_stereo_right_camera_0.png	319894693	475	315	204
facedb/319894693/1490232988009948968_stereo_right_camera_1.png	319894693	475	315	204
facedb/319894693/1490232988099008083_stereo_right_camera_2.png	319894693	475	315	204
facedb/319894693/1490232988372862100_stereo_right_camera_3.png	319894693	475	315	204
facedb/319894693/1490232988530719041_stereo_right_camera_4.png	319894693	475	315	204
facedb/319894693/1490232988530795097_stereo_right_camera_5.png	319894693	475	315	204
facedb/319894693/1490232988621592044_stereo_right_camera_6.png	319894693	475	315	204
facedb/319894693/1490232988729489088_stereo_right_camera_7.png	319894693	475	315	204
facedb/319894693/1490232988815823078_stereo_right_camera_8.png	319894693	475	315	204
facedb/319894693/1490232989122908115_stereo_right_camera_9.png	319894693	475	315	204
