facedb/230288469/1491059578438349962_stereo_right_camera_0.png	230288469	623	248	58
facedb/230288469/1491059579040008068_stereo_right_camera_1.png	230288469	623	248	58
facedb/230288469/1491059579153017044_stereo_right_camera_2.png	230288469	623	248	58
facedb/230288469/1491059579260668992_stereo_right_camera_3.png	230288469	623	248	58
facedb/230288469/1491059579420607089_stereo_right_camera_4.png	230288469	623	248	58
facedb/230288469/1491059579516215085_stereo_right_camera_5.png	230288469	623	248	58
facedb/230288469/1491059579587707996_stereo_right_camera_6.png	230288469	623	248	58
facedb/230288469/1491059579672698020_stereo_right_camera_7.png	230288469	623	248	58
facedb/230288469/1491059579870239019_stereo_right_camera_8.png	230288469	623	248	58
facedb/230288469/1491059579970623970_stereo_right_camera_9.png	230288469	623	248	58
