facedb/1930000428/1501789693406204938_stereo_right_camera_0.png	1930000428	395	274	153
facedb/1930000428/1501789693709809064_stereo_right_camera_1.png	1930000428	395	274	153
facedb/1930000428/1501789693945980072_stereo_right_camera_2.png	1930000428	395	274	153
facedb/1930000428/1501789694146683931_stereo_right_camera_3.png	1930000428	395	274	153
facedb/1930000428/1501789694245362043_stereo_right_camera_4.png	1930000428	395	274	153
facedb/1930000428/1501789694501271009_stereo_right_camera_5.png	1930000428	395	274	153
facedb/1930000428/1501789694777219057_stereo_right_camera_6.png	1930000428	395	274	153
facedb/1930000428/1501789694938249111_stereo_right_camera_7.png	1930000428	395	274	153
facedb/1930000428/1501789695175156116_stereo_right_camera_8.png	1930000428	395	274	153
facedb/1930000428/1501789695257774114_stereo_right_camera_9.png	1930000428	395	274	153
