facedb/587440352/1490469743972953081_stereo_left_camera_0.png	587440352	452	300	192
facedb/587440352/1490469744315973043_stereo_left_camera_1.png	587440352	452	300	192
facedb/587440352/1490469744920181035_stereo_left_camera_2.png	587440352	452	300	192
facedb/587440352/1490469745022598981_stereo_left_camera_3.png	587440352	452	300	192
facedb/587440352/1490469745113506078_stereo_left_camera_4.png	587440352	452	300	192
facedb/587440352/1490469745341239929_stereo_left_camera_5.png	587440352	452	300	192
facedb/587440352/1490469745423428058_stereo_left_camera_6.png	587440352	452	300	192
facedb/587440352/1490469745581170082_stereo_left_camera_7.png	587440352	452	300	192
facedb/587440352/1490469745738101959_stereo_left_camera_8.png	587440352	452	300	192
facedb/587440352/1490469745930567026_stereo_left_camera_9.png	587440352	452	300	192
