facedb/791166866/1490469635382147073_stereo_right_camera_0.png	791166866	585	433	305
facedb/791166866/1490469635551968097_stereo_right_camera_1.png	791166866	585	433	305
facedb/791166866/1490469635723108053_stereo_right_camera_2.png	791166866	585	433	305
facedb/791166866/1490469635792937994_stereo_right_camera_3.png	791166866	585	433	305
facedb/791166866/1490469636045440912_stereo_right_camera_4.png	791166866	585	433	305
facedb/791166866/1490469636215547084_stereo_right_camera_5.png	791166866	585	433	305
facedb/791166866/1490469636563287973_stereo_right_camera_6.png	791166866	585	433	305
facedb/791166866/1490469636754808902_stereo_right_camera_7.png	791166866	585	433	305
facedb/791166866/1490469637068659067_stereo_right_camera_8.png	791166866	585	433	305
facedb/791166866/1490469637214854001_stereo_right_camera_9.png	791166866	585	433	305
