facedb/238963905/1521766886350231885_stereo_right_camera_0.png	238963905	595	446	315
facedb/238963905/1521766886748106002_stereo_right_camera_1.png	238963905	595	446	315
facedb/238963905/1521766887078360080_stereo_right_camera_2.png	238963905	595	446	315
facedb/238963905/1521766887213222026_stereo_right_camera_3.png	238963905	595	446	315
facedb/238963905/1521766887590667963_stereo_right_camera_4.png	238963905	595	446	315
facedb/238963905/1521766887914746046_stereo_right_camera_5.png	238963905	595	446	315
facedb/238963905/1521766888236757040_stereo_right_camera_6.png	238963905	595	446	315
facedb/238963905/1521766888577368974_stereo_right_camera_7.png	238963905	595	446	315
facedb/238963905/1521766888701040983_stereo_right_camera_8.png	238963905	595	446	315
facedb/238963905/1521766889000252962_stereo_right_camera_9.png	238963905	595	446	315
