facedb/1096023473/1490464548776501893_stereo_right_camera_0.png	1096023473	527	325	186
facedb/1096023473/1490464548993136882_stereo_right_camera_1.png	1096023473	527	325	186
facedb/1096023473/1490464549072953939_stereo_right_camera_2.png	1096023473	527	325	186
facedb/1096023473/1490464549143553972_stereo_right_camera_3.png	1096023473	527	325	186
facedb/1096023473/1490464549224925041_stereo_right_camera_4.png	1096023473	527	325	186
facedb/1096023473/1490464549884124040_stereo_right_camera_5.png	1096023473	527	325	186
facedb/1096023473/1490464549978856086_stereo_right_camera_6.png	1096023473	527	325	186
facedb/1096023473/1490464550054470062_stereo_right_camera_7.png	1096023473	527	325	186
facedb/1096023473/1490464550140049934_stereo_right_camera_8.png	1096023473	527	325	186
facedb/1096023473/1490464550215157985_stereo_right_camera_9.png	1096023473	527	325	186
