facedb/855419421/1490468353917829036_stereo_right_camera_0.png	855419421	376	216	111
facedb/855419421/1490468354003845930_stereo_right_camera_1.png	855419421	376	216	111
facedb/855419421/1490468354107434988_stereo_right_camera_2.png	855419421	376	216	111
facedb/855419421/1490468354364196062_stereo_right_camera_3.png	855419421	376	216	111
facedb/855419421/1490468354484324932_stereo_right_camera_4.png	855419421	376	216	111
facedb/855419421/1490468354571738004_stereo_right_camera_5.png	855419421	376	216	111
facedb/855419421/1490468354665544986_stereo_right_camera_6.png	855419421	376	216	111
facedb/855419421/1490468354867537975_stereo_right_camera_7.png	855419421	376	216	111
facedb/855419421/1490468354939482927_stereo_right_camera_8.png	855419421	376	216	111
facedb/855419421/1490468355026527881_stereo_right_camera_9.png	855419421	376	216	111
