facedb/1905403494/1495576635551955938_stereo_right_camera_0.png	1905403494	381	149	56
facedb/1905403494/1495576635638679981_stereo_right_camera_1.png	1905403494	381	149	56
facedb/1905403494/1495576635854094028_stereo_right_camera_2.png	1905403494	381	149	56
facedb/1905403494/1495576636052184104_stereo_right_camera_3.png	1905403494	381	149	56
facedb/1905403494/1495576636397062063_stereo_right_camera_4.png	1905403494	381	149	56
facedb/1905403494/1495576636622406959_stereo_right_camera_5.png	1905403494	381	149	56
facedb/1905403494/1495576636830193042_stereo_right_camera_6.png	1905403494	381	149	56
facedb/1905403494/1495576636940327882_stereo_right_camera_7.png	1905403494	381	149	56
facedb/1905403494/1495576637148937940_stereo_right_camera_8.png	1905403494	381	149	56
facedb/1905403494/1495576637348669052_stereo_right_camera_9.png	1905403494	381	149	56
