facedb/660468798/1490469649928164005_stereo_right_camera_0.png	660468798	530	343	197
facedb/660468798/1490469650802017927_stereo_right_camera_1.png	660468798	530	343	197
facedb/660468798/1490469650904237985_stereo_right_camera_2.png	660468798	530	343	197
facedb/660468798/1490469651053555965_stereo_right_camera_3.png	660468798	530	343	197
facedb/660468798/1490469651138025045_stereo_right_camera_4.png	660468798	530	343	197
facedb/660468798/1490469651374849081_stereo_right_camera_5.png	660468798	530	343	197
facedb/660468798/1490469651453870058_stereo_right_camera_6.png	660468798	530	343	197
facedb/660468798/1490469651616703033_stereo_right_camera_7.png	660468798	530	343	197
facedb/660468798/1490469651784708023_stereo_right_camera_8.png	660468798	530	343	197
facedb/660468798/1490469651918380022_stereo_right_camera_9.png	660468798	530	343	197
