facedb/982170601/1490465892726798057_stereo_right_camera_0.png	982170601	701	450	306
facedb/982170601/1490465892830938100_stereo_right_camera_1.png	982170601	701	450	306
facedb/982170601/1490465892940707921_stereo_right_camera_2.png	982170601	701	450	306
facedb/982170601/1490465893042628049_stereo_right_camera_3.png	982170601	701	450	306
facedb/982170601/1490465893493525981_stereo_right_camera_4.png	982170601	701	450	306
facedb/982170601/1490465893593379020_stereo_right_camera_5.png	982170601	701	450	306
facedb/982170601/1490465893700489044_stereo_right_camera_6.png	982170601	701	450	306
facedb/982170601/1490465893797072887_stereo_right_camera_7.png	982170601	701	450	306
facedb/982170601/1490465893896910905_stereo_right_camera_8.png	982170601	701	450	306
facedb/982170601/1490465893993868112_stereo_right_camera_9.png	982170601	701	450	306
