facedb/452504752/1493484096445374965_stereo_left_camera_0.png	452504752	527	431	361
facedb/452504752/1493484096553602933_stereo_left_camera_1.png	452504752	527	431	361
facedb/452504752/1493484096809155941_stereo_left_camera_2.png	452504752	527	431	361
facedb/452504752/1493484096915987968_stereo_left_camera_3.png	452504752	527	431	361
facedb/452504752/1493484097008059978_stereo_left_camera_4.png	452504752	527	431	361
facedb/452504752/1493484097205322980_stereo_left_camera_5.png	452504752	527	431	361
facedb/452504752/1493484097320981979_stereo_left_camera_6.png	452504752	527	431	361
facedb/452504752/1493484097511239051_stereo_left_camera_7.png	452504752	527	431	361
facedb/452504752/1493484097680372953_stereo_left_camera_8.png	452504752	527	431	361
facedb/452504752/1493484097787864923_stereo_left_camera_9.png	452504752	527	431	361
