facedb/811383922/1491149876776283025_stereo_right_camera_0.png	811383922	453	254	143
facedb/811383922/1491149876881162881_stereo_right_camera_1.png	811383922	453	254	143
facedb/811383922/1491149877074563026_stereo_right_camera_2.png	811383922	453	254	143
facedb/811383922/1491149877155388116_stereo_right_camera_3.png	811383922	453	254	143
facedb/811383922/1491149877328572034_stereo_right_camera_4.png	811383922	453	254	143
facedb/811383922/1491149877803781032_stereo_right_camera_5.png	811383922	453	254	143
facedb/811383922/1491149877903702020_stereo_right_camera_6.png	811383922	453	254	143
facedb/811383922/1491149878306191921_stereo_right_camera_7.png	811383922	453	254	143
facedb/811383922/1491149878511557102_stereo_right_camera_8.png	811383922	453	254	143
facedb/811383922/1491149878610107898_stereo_right_camera_9.png	811383922	453	254	143
