facedb/677563900/1521911561589099884_stereo_right_camera_0.png	677563900	551	360	219
facedb/677563900/1521911561984497070_stereo_right_camera_1.png	677563900	551	360	219
facedb/677563900/1521911562272361993_stereo_right_camera_2.png	677563900	551	360	219
facedb/677563900/1521911562674942016_stereo_right_camera_3.png	677563900	551	360	219
facedb/677563900/1521911563086126089_stereo_right_camera_4.png	677563900	551	360	219
facedb/677563900/1521911563375051975_stereo_right_camera_5.png	677563900	551	360	219
facedb/677563900/1521911563777503013_stereo_right_camera_6.png	677563900	551	360	219
facedb/677563900/1521911564186599969_stereo_right_camera_7.png	677563900	551	360	219
facedb/677563900/1521911564499145030_stereo_right_camera_8.png	677563900	551	360	219
facedb/677563900/1521911564860563993_stereo_right_camera_9.png	677563900	551	360	219
