facedb/1700537406/1521766880982745885_stereo_right_camera_0.png	1700537406	649	407	213
facedb/1700537406/1521766881212636947_stereo_right_camera_1.png	1700537406	649	407	213
facedb/1700537406/1521766881475598096_stereo_right_camera_2.png	1700537406	649	407	213
facedb/1700537406/1521766881705317020_stereo_right_camera_3.png	1700537406	649	407	213
facedb/1700537406/1521766882179445981_stereo_right_camera_4.png	1700537406	649	407	213
facedb/1700537406/1521766882401702880_stereo_right_camera_5.png	1700537406	649	407	213
facedb/1700537406/1521766882640276908_stereo_right_camera_6.png	1700537406	649	407	213
facedb/1700537406/1521766882772700071_stereo_right_camera_7.png	1700537406	649	407	213
facedb/1700537406/1521766882890130996_stereo_right_camera_8.png	1700537406	649	407	213
facedb/1700537406/1521766883244198083_stereo_right_camera_9.png	1700537406	649	407	213
