facedb/1125770958/1493486329485393047_stereo_right_camera_0.png	1125770958	646	503	354
facedb/1125770958/1493486329580934047_stereo_right_camera_1.png	1125770958	646	503	354
facedb/1125770958/1493486329771518945_stereo_right_camera_2.png	1125770958	646	503	354
facedb/1125770958/1493486329951462030_stereo_right_camera_3.png	1125770958	646	503	354
facedb/1125770958/1493486330053586959_stereo_right_camera_4.png	1125770958	646	503	354
facedb/1125770958/1493486330306395053_stereo_right_camera_5.png	1125770958	646	503	354
facedb/1125770958/1493486330442982912_stereo_right_camera_6.png	1125770958	646	503	354
facedb/1125770958/1493486330629018068_stereo_right_camera_7.png	1125770958	646	503	354
facedb/1125770958/1493486330798413038_stereo_right_camera_8.png	1125770958	646	503	354
facedb/1125770958/1493486330978692054_stereo_right_camera_9.png	1125770958	646	503	354
