facedb/1799231162/1493487520012381076_stereo_right_camera_0.png	1799231162	388	249	186
facedb/1799231162/1493487520173645973_stereo_right_camera_1.png	1799231162	388	249	186
facedb/1799231162/1493487520284609079_stereo_right_camera_2.png	1799231162	388	249	186
facedb/1799231162/1493487520445504903_stereo_right_camera_3.png	1799231162	388	249	186
facedb/1799231162/1493487520602910995_stereo_right_camera_4.png	1799231162	388	249	186
facedb/1799231162/1493487520836230993_stereo_right_camera_5.png	1799231162	388	249	186
facedb/1799231162/1493487521003375053_stereo_right_camera_6.png	1799231162	388	249	186
facedb/1799231162/1493487521570729970_stereo_right_camera_7.png	1799231162	388	249	186
facedb/1799231162/1493487521785043954_stereo_right_camera_8.png	1799231162	388	249	186
facedb/1799231162/1493487522009774923_stereo_right_camera_9.png	1799231162	388	249	186
