facedb/419265114/1498232767428256034_stereo_right_camera_0.png	419265114	442	316	194
facedb/419265114/1498232767705378055_stereo_right_camera_1.png	419265114	442	316	194
facedb/419265114/1498232767867762088_stereo_right_camera_2.png	419265114	442	316	194
facedb/419265114/1498232768123693943_stereo_right_camera_3.png	419265114	442	316	194
facedb/419265114/1498232768346560001_stereo_right_camera_4.png	419265114	442	316	194
facedb/419265114/1498232768590317964_stereo_right_camera_5.png	419265114	442	316	194
facedb/419265114/1498232768753616094_stereo_right_camera_6.png	419265114	442	316	194
facedb/419265114/1498232768994285106_stereo_right_camera_7.png	419265114	442	316	194
facedb/419265114/1498232769414503097_stereo_right_camera_8.png	419265114	442	316	194
facedb/419265114/1498232769655605077_stereo_right_camera_9.png	419265114	442	316	194
