facedb/998644181/1490468256880461931_stereo_right_camera_0.png	998644181	531	294	157
facedb/998644181/1490468257678349018_stereo_right_camera_1.png	998644181	531	294	157
facedb/998644181/1490468257767565965_stereo_right_camera_2.png	998644181	531	294	157
facedb/998644181/1490468257960752010_stereo_right_camera_3.png	998644181	531	294	157
facedb/998644181/1490468258287990093_stereo_right_camera_4.png	998644181	531	294	157
facedb/998644181/1490468258396229982_stereo_right_camera_5.png	998644181	531	294	157
facedb/998644181/1490468258493638992_stereo_right_camera_6.png	998644181	531	294	157
facedb/998644181/1490468258762690067_stereo_right_camera_7.png	998644181	531	294	157
facedb/998644181/1490468258984339952_stereo_right_camera_8.png	998644181	531	294	157
facedb/998644181/1490468259159203052_stereo_right_camera_9.png	998644181	531	294	157
