facedb/1453522474/1491081095465929985_stereo_right_camera_0.png	1453522474	646	396	265
facedb/1453522474/1491081095791393995_stereo_right_camera_1.png	1453522474	646	396	265
facedb/1453522474/1491081095921236038_stereo_right_camera_2.png	1453522474	646	396	265
facedb/1453522474/1491081096137638092_stereo_right_camera_3.png	1453522474	646	396	265
facedb/1453522474/1491081096272191047_stereo_right_camera_4.png	1453522474	646	396	265
facedb/1453522474/1491081096476516008_stereo_right_camera_5.png	1453522474	646	396	265
facedb/1453522474/1491081096684957027_stereo_right_camera_6.png	1453522474	646	396	265
facedb/1453522474/1491081096781497001_stereo_right_camera_7.png	1453522474	646	396	265
facedb/1453522474/1491081097016673088_stereo_right_camera_8.png	1453522474	646	396	265
facedb/1453522474/1491081097985318899_stereo_right_camera_9.png	1453522474	646	396	265
