facedb/425981254/1491063730056633949_stereo_right_camera_0.png	425981254	550	281	64
facedb/425981254/1491063730290102958_stereo_right_camera_1.png	425981254	550	281	64
facedb/425981254/1491063730447334051_stereo_right_camera_2.png	425981254	550	281	64
facedb/425981254/1491063730598185062_stereo_right_camera_3.png	425981254	550	281	64
facedb/425981254/1491063730690783023_stereo_right_camera_4.png	425981254	550	281	64
facedb/425981254/1491063730849533081_stereo_right_camera_5.png	425981254	550	281	64
facedb/425981254/1491063730950404882_stereo_right_camera_6.png	425981254	550	281	64
facedb/425981254/1491063731025310993_stereo_right_camera_7.png	425981254	550	281	64
facedb/425981254/1491063731783454895_stereo_right_camera_8.png	425981254	550	281	64
facedb/425981254/1491063732762634038_stereo_right_camera_9.png	425981254	550	281	64
