facedb/449779168/1491080540864341020_stereo_right_camera_0.png	449779168	538	246	84
facedb/449779168/1491080541155478954_stereo_right_camera_1.png	449779168	538	246	84
facedb/449779168/1491080541975121021_stereo_right_camera_2.png	449779168	538	246	84
facedb/449779168/1491080542208184957_stereo_right_camera_3.png	449779168	538	246	84
facedb/449779168/1491080542315267086_stereo_right_camera_4.png	449779168	538	246	84
facedb/449779168/1491080542494205951_stereo_right_camera_5.png	449779168	538	246	84
facedb/449779168/1491080542661441087_stereo_right_camera_6.png	449779168	538	246	84
facedb/449779168/1491080542743961095_stereo_right_camera_7.png	449779168	538	246	84
facedb/449779168/1491080542984745025_stereo_right_camera_8.png	449779168	538	246	84
facedb/449779168/1491080543207871913_stereo_right_camera_9.png	449779168	538	246	84
