facedb/988083522/1491074259809250116_stereo_right_camera_0.png	988083522	540	283	136
facedb/988083522/1491074260502418041_stereo_right_camera_1.png	988083522	540	283	136
facedb/988083522/1491074260595422029_stereo_right_camera_2.png	988083522	540	283	136
facedb/988083522/1491074261529017925_stereo_right_camera_3.png	988083522	540	283	136
facedb/988083522/1491074261620399951_stereo_right_camera_4.png	988083522	540	283	136
facedb/988083522/1491074261909152030_stereo_right_camera_5.png	988083522	540	283	136
facedb/988083522/1491074262092314004_stereo_right_camera_6.png	988083522	540	283	136
facedb/988083522/1491074262200820922_stereo_right_camera_7.png	988083522	540	283	136
facedb/988083522/1491074262312553882_stereo_right_camera_8.png	988083522	540	283	136
facedb/988083522/1491074262508495092_stereo_right_camera_9.png	988083522	540	283	136
