facedb/1989518261/1490468319187848091_stereo_right_camera_0.png	1989518261	614	342	164
facedb/1989518261/1490468319381417036_stereo_right_camera_1.png	1989518261	614	342	164
facedb/1989518261/1490468319485714912_stereo_right_camera_2.png	1989518261	614	342	164
facedb/1989518261/1490468319590008020_stereo_right_camera_3.png	1989518261	614	342	164
facedb/1989518261/1490468319774470090_stereo_right_camera_4.png	1989518261	614	342	164
facedb/1989518261/1490468320176928043_stereo_right_camera_5.png	1989518261	614	342	164
facedb/1989518261/1490468320292319059_stereo_right_camera_6.png	1989518261	614	342	164
facedb/1989518261/1490468320392776966_stereo_right_camera_7.png	1989518261	614	342	164
facedb/1989518261/1490468320492441892_stereo_right_camera_8.png	1989518261	614	342	164
facedb/1989518261/1490468320591804981_stereo_right_camera_9.png	1989518261	614	342	164
