facedb/1195408816/1508512589285495996_stereo_right_camera_0.png	1195408816	900	321	138
facedb/1195408816/1508512589497984886_stereo_right_camera_1.png	1195408816	900	321	138
facedb/1195408816/1508512590000063896_stereo_right_camera_2.png	1195408816	900	321	138
facedb/1195408816/1508512590231810092_stereo_right_camera_3.png	1195408816	900	321	138
facedb/1195408816/1508512590445827960_stereo_right_camera_4.png	1195408816	900	321	138
facedb/1195408816/1508512590531465053_stereo_right_camera_5.png	1195408816	900	321	138
facedb/1195408816/1508512590963727951_stereo_right_camera_6.png	1195408816	900	321	138
facedb/1195408816/1508512590964054107_stereo_right_camera_7.png	1195408816	900	321	138
facedb/1195408816/1508512591368197917_stereo_right_camera_8.png	1195408816	900	321	138
facedb/1195408816/1508512591705693960_stereo_right_camera_9.png	1195408816	900	321	138
