facedb/193924565/1521906070880589008_stereo_right_camera_0.png	193924565	510	391	244
facedb/193924565/1521906071151384115_stereo_right_camera_1.png	193924565	510	391	244
facedb/193924565/1521906071457658052_stereo_right_camera_2.png	193924565	510	391	244
facedb/193924565/1521906071756727933_stereo_right_camera_3.png	193924565	510	391	244
facedb/193924565/1521906072006679058_stereo_right_camera_4.png	193924565	510	391	244
facedb/193924565/1521906072237540960_stereo_right_camera_5.png	193924565	510	391	244
facedb/193924565/1521906072548868894_stereo_right_camera_6.png	193924565	510	391	244
facedb/193924565/1521906072782452106_stereo_right_camera_7.png	193924565	510	391	244
facedb/193924565/1521906073130305051_stereo_right_camera_8.png	193924565	510	391	244
facedb/193924565/1521906073421566009_stereo_right_camera_9.png	193924565	510	391	244
