facedb/331296752/1488416835074415922_stereo_right_camera_0.png	331296752	593	359	225
facedb/331296752/1488416835163450956_stereo_right_camera_1.png	331296752	593	359	225
facedb/331296752/1488416835249850034_stereo_right_camera_2.png	331296752	593	359	225
facedb/331296752/1488416835347003936_stereo_right_camera_3.png	331296752	593	359	225
facedb/331296752/1488416835436544895_stereo_right_camera_4.png	331296752	593	359	225
facedb/331296752/1488416835527833938_stereo_right_camera_5.png	331296752	593	359	225
facedb/331296752/1488416835528067111_stereo_right_camera_6.png	331296752	593	359	225
facedb/331296752/1488416835694123983_stereo_right_camera_7.png	331296752	593	359	225
facedb/331296752/1488416835796283006_stereo_right_camera_8.png	331296752	593	359	225
facedb/331296752/1488416835908368110_stereo_right_camera_9.png	331296752	593	359	225
