facedb/1345924156/1490467717294356107_stereo_right_camera_0.png	1345924156	539	381	279
facedb/1345924156/1490467717410614967_stereo_right_camera_1.png	1345924156	539	381	279
facedb/1345924156/1490467717515845060_stereo_right_camera_2.png	1345924156	539	381	279
facedb/1345924156/1490467717812498092_stereo_right_camera_3.png	1345924156	539	381	279
facedb/1345924156/1490467717887743949_stereo_right_camera_4.png	1345924156	539	381	279
facedb/1345924156/1490467718163296937_stereo_right_camera_5.png	1345924156	539	381	279
facedb/1345924156/1490467718254304885_stereo_right_camera_6.png	1345924156	539	381	279
facedb/1345924156/1490467718399593114_stereo_right_camera_7.png	1345924156	539	381	279
facedb/1345924156/1490467718529376983_stereo_right_camera_8.png	1345924156	539	381	279
facedb/1345924156/1490467718660475969_stereo_right_camera_9.png	1345924156	539	381	279
