facedb/1909828346/1490233645868033885_stereo_right_camera_0.png	1909828346	528	277	150
facedb/1909828346/1490233645981473922_stereo_right_camera_1.png	1909828346	528	277	150
facedb/1909828346/1490233646309638977_stereo_right_camera_2.png	1909828346	528	277	150
facedb/1909828346/1490233646639170885_stereo_right_camera_3.png	1909828346	528	277	150
facedb/1909828346/1490233647008908987_stereo_right_camera_4.png	1909828346	528	277	150
facedb/1909828346/1490233647341574907_stereo_right_camera_5.png	1909828346	528	277	150
facedb/1909828346/1490233647427670955_stereo_right_camera_6.png	1909828346	528	277	150
facedb/1909828346/1490233647818312883_stereo_right_camera_7.png	1909828346	528	277	150
facedb/1909828346/1490233647953325033_stereo_right_camera_8.png	1909828346	528	277	150
facedb/1909828346/1490233648072276115_stereo_right_camera_9.png	1909828346	528	277	150
