facedb/1259528007/1497727688780293941_stereo_right_camera_0.png	1259528007	501	344	171
facedb/1259528007/1497727689066415071_stereo_right_camera_1.png	1259528007	501	344	171
facedb/1259528007/1497727689695750951_stereo_right_camera_2.png	1259528007	501	344	171
facedb/1259528007/1497727689805300951_stereo_right_camera_3.png	1259528007	501	344	171
facedb/1259528007/1497727690112795114_stereo_right_camera_4.png	1259528007	501	344	171
facedb/1259528007/1497727690338207006_stereo_right_camera_5.png	1259528007	501	344	171
facedb/1259528007/1497727690605561971_stereo_right_camera_6.png	1259528007	501	344	171
facedb/1259528007/1497727690805737018_stereo_right_camera_7.png	1259528007	501	344	171
facedb/1259528007/1497727690980854988_stereo_right_camera_8.png	1259528007	501	344	171
facedb/1259528007/1497727691250561952_stereo_right_camera_9.png	1259528007	501	344	171
