facedb/565618414/1524789248378199100_stereo_right_camera_0.png	565618414	198	115	75
facedb/565618414/1524789248862966060_stereo_right_camera_1.png	565618414	198	115	75
facedb/565618414/1524789248983839988_stereo_right_camera_2.png	565618414	198	115	75
facedb/565618414/1524789249242150068_stereo_right_camera_3.png	565618414	198	115	75
facedb/565618414/1524789249593754053_stereo_right_camera_4.png	565618414	198	115	75
facedb/565618414/1524789250187396049_stereo_right_camera_5.png	565618414	198	115	75
facedb/565618414/1524789250317841053_stereo_right_camera_6.png	565618414	198	115	75
facedb/565618414/1524789250605557918_stereo_right_camera_7.png	565618414	198	115	75
facedb/565618414/1524789250887295961_stereo_right_camera_8.png	565618414	198	115	75
facedb/565618414/1524789251173034906_stereo_right_camera_9.png	565618414	198	115	75
