facedb/1390938124/1494101023584232091_stereo_right_camera_0.png	1390938124	445	305	177
facedb/1390938124/1494101023794522047_stereo_right_camera_1.png	1390938124	445	305	177
facedb/1390938124/1494101023990776062_stereo_right_camera_2.png	1390938124	445	305	177
facedb/1390938124/1494101024073731899_stereo_right_camera_3.png	1390938124	445	305	177
facedb/1390938124/1494101024394428968_stereo_right_camera_4.png	1390938124	445	305	177
facedb/1390938124/1494101024558907032_stereo_right_camera_5.png	1390938124	445	305	177
facedb/1390938124/1494101024722058057_stereo_right_camera_6.png	1390938124	445	305	177
facedb/1390938124/1494101024898427963_stereo_right_camera_7.png	1390938124	445	305	177
facedb/1390938124/1494101025389707088_stereo_right_camera_8.png	1390938124	445	305	177
facedb/1390938124/1494101025497066020_stereo_right_camera_9.png	1390938124	445	305	177
