facedb/1157983119/1490467723218391895_stereo_right_camera_0.png	1157983119	686	506	393
facedb/1157983119/1490467723338177919_stereo_right_camera_1.png	1157983119	686	506	393
facedb/1157983119/1490467723488706111_stereo_right_camera_2.png	1157983119	686	506	393
facedb/1157983119/1490467723626744031_stereo_right_camera_3.png	1157983119	686	506	393
facedb/1157983119/1490467723742201089_stereo_right_camera_4.png	1157983119	686	506	393
facedb/1157983119/1490467723832515001_stereo_right_camera_5.png	1157983119	686	506	393
facedb/1157983119/1490467724139697074_stereo_right_camera_6.png	1157983119	686	506	393
facedb/1157983119/1490467724233294010_stereo_right_camera_7.png	1157983119	686	506	393
facedb/1157983119/1490467724340184926_stereo_right_camera_8.png	1157983119	686	506	393
facedb/1157983119/1490467724462558031_stereo_right_camera_9.png	1157983119	686	506	393
