facedb/755609822/1501789189379929065_stereo_right_camera_0.png	755609822	448	225	133
facedb/755609822/1501789189781899929_stereo_right_camera_1.png	755609822	448	225	133
facedb/755609822/1501789189974066019_stereo_right_camera_2.png	755609822	448	225	133
facedb/755609822/1501789190195872068_stereo_right_camera_3.png	755609822	448	225	133
facedb/755609822/1501789190442945003_stereo_right_camera_4.png	755609822	448	225	133
facedb/755609822/1501789190603075027_stereo_right_camera_5.png	755609822	448	225	133
facedb/755609822/1501789190816684961_stereo_right_camera_6.png	755609822	448	225	133
facedb/755609822/1501789191039268016_stereo_right_camera_7.png	755609822	448	225	133
facedb/755609822/1501789191195236921_stereo_right_camera_8.png	755609822	448	225	133
facedb/755609822/1501789191868279933_stereo_right_camera_9.png	755609822	448	225	133
