facedb/1193542525/1521904420696104049_stereo_right_camera_0.png	1193542525	583	330	128
facedb/1193542525/1521904420944391965_stereo_right_camera_1.png	1193542525	583	330	128
facedb/1193542525/1521904421176197052_stereo_right_camera_2.png	1193542525	583	330	128
facedb/1193542525/1521904421995255947_stereo_right_camera_3.png	1193542525	583	330	128
facedb/1193542525/1521904422798865079_stereo_right_camera_4.png	1193542525	583	330	128
facedb/1193542525/1521904423134238004_stereo_right_camera_5.png	1193542525	583	330	128
facedb/1193542525/1521904423368644952_stereo_right_camera_6.png	1193542525	583	330	128
facedb/1193542525/1521904423666053056_stereo_right_camera_7.png	1193542525	583	330	128
facedb/1193542525/1521904423787837982_stereo_right_camera_8.png	1193542525	583	330	128
facedb/1193542525/1521904424354803085_stereo_right_camera_9.png	1193542525	583	330	128
