facedb/1840218982/1491069338979557991_stereo_right_camera_0.png	1840218982	605	344	182
facedb/1840218982/1491069339186151981_stereo_right_camera_1.png	1840218982	605	344	182
facedb/1840218982/1491069339367042064_stereo_right_camera_2.png	1840218982	605	344	182
facedb/1840218982/1491069339460467100_stereo_right_camera_3.png	1840218982	605	344	182
facedb/1840218982/1491069339647682905_stereo_right_camera_4.png	1840218982	605	344	182
facedb/1840218982/1491069339741008996_stereo_right_camera_5.png	1840218982	605	344	182
facedb/1840218982/1491069339831873893_stereo_right_camera_6.png	1840218982	605	344	182
facedb/1840218982/1491069340107331037_stereo_right_camera_7.png	1840218982	605	344	182
facedb/1840218982/1491069340107466936_stereo_right_camera_8.png	1840218982	605	344	182
facedb/1840218982/1491069340352619886_stereo_right_camera_9.png	1840218982	605	344	182
