facedb/1183534495/1493487604561402082_stereo_right_camera_0.png	1183534495	408	203	118
facedb/1183534495/1493487604729548931_stereo_right_camera_1.png	1183534495	408	203	118
facedb/1183534495/1493487604887836933_stereo_right_camera_2.png	1183534495	408	203	118
facedb/1183534495/1493487605228179931_stereo_right_camera_3.png	1183534495	408	203	118
facedb/1183534495/1493487605345591068_stereo_right_camera_4.png	1183534495	408	203	118
facedb/1183534495/1493487605510987997_stereo_right_camera_5.png	1183534495	408	203	118
facedb/1183534495/1493487605668996095_stereo_right_camera_6.png	1183534495	408	203	118
facedb/1183534495/1493487606164891004_stereo_right_camera_7.png	1183534495	408	203	118
facedb/1183534495/1493487606311595916_stereo_right_camera_8.png	1183534495	408	203	118
facedb/1183534495/1493487606508531093_stereo_right_camera_9.png	1183534495	408	203	118
