facedb/342392087/1491062017772907972_stereo_right_camera_0.png	342392087	363	195	61
facedb/342392087/1491062017838485956_stereo_right_camera_1.png	342392087	363	195	61
facedb/342392087/1491062018007137060_stereo_right_camera_2.png	342392087	363	195	61
facedb/342392087/1491062018072626113_stereo_right_camera_3.png	342392087	363	195	61
facedb/342392087/1491062018333884954_stereo_right_camera_4.png	342392087	363	195	61
facedb/342392087/1491062018519035100_stereo_right_camera_5.png	342392087	363	195	61
facedb/342392087/1491062018620206117_stereo_right_camera_6.png	342392087	363	195	61
facedb/342392087/1491062018788063049_stereo_right_camera_7.png	342392087	363	195	61
facedb/342392087/1491062018909730911_stereo_right_camera_8.png	342392087	363	195	61
facedb/342392087/1491062018977365016_stereo_right_camera_9.png	342392087	363	195	61
