facedb/431051890/1491150720278477907_stereo_right_camera_0.png	431051890	622	335	158
facedb/431051890/1491150720393449068_stereo_right_camera_1.png	431051890	622	335	158
facedb/431051890/1491150720629940986_stereo_right_camera_2.png	431051890	622	335	158
facedb/431051890/1491150720788841962_stereo_right_camera_3.png	431051890	622	335	158
facedb/431051890/1491150721034857988_stereo_right_camera_4.png	431051890	622	335	158
facedb/431051890/1491150721198319911_stereo_right_camera_5.png	431051890	622	335	158
facedb/431051890/1491150721330514907_stereo_right_camera_6.png	431051890	622	335	158
facedb/431051890/1491150721428731918_stereo_right_camera_7.png	431051890	622	335	158
facedb/431051890/1491150721629997968_stereo_right_camera_8.png	431051890	622	335	158
facedb/431051890/1491150721725864887_stereo_right_camera_9.png	431051890	622	335	158
