facedb/267735707/1501790871328704118_stereo_right_camera_0.png	267735707	454	199	101
facedb/267735707/1501790871504043102_stereo_right_camera_1.png	267735707	454	199	101
facedb/267735707/1501790871759857892_stereo_right_camera_2.png	267735707	454	199	101
facedb/267735707/1501790871917870044_stereo_right_camera_3.png	267735707	454	199	101
facedb/267735707/1501790872180289030_stereo_right_camera_4.png	267735707	454	199	101
facedb/267735707/1501790872411485910_stereo_right_camera_5.png	267735707	454	199	101
facedb/267735707/1501790872667143106_stereo_right_camera_6.png	267735707	454	199	101
facedb/267735707/1501790872885816097_stereo_right_camera_7.png	267735707	454	199	101
facedb/267735707/1501790873048517942_stereo_right_camera_8.png	267735707	454	199	101
facedb/267735707/1501790873330053091_stereo_right_camera_9.png	267735707	454	199	101
