facedb/780317121/1521913483511842012_stereo_right_camera_0.png	780317121	386	279	196
facedb/780317121/1521913483787072896_stereo_right_camera_1.png	780317121	386	279	196
facedb/780317121/1521913484100086927_stereo_right_camera_2.png	780317121	386	279	196
facedb/780317121/1521913484404011011_stereo_right_camera_3.png	780317121	386	279	196
facedb/780317121/1521913484681104898_stereo_right_camera_4.png	780317121	386	279	196
facedb/780317121/1521913485032674074_stereo_right_camera_5.png	780317121	386	279	196
facedb/780317121/1521913485314886093_stereo_right_camera_6.png	780317121	386	279	196
facedb/780317121/1521913485588180065_stereo_right_camera_7.png	780317121	386	279	196
facedb/780317121/1521913485889486074_stereo_right_camera_8.png	780317121	386	279	196
facedb/780317121/1521913486212332963_stereo_right_camera_9.png	780317121	386	279	196
