facedb/176712473/1491080533771531105_stereo_right_camera_0.png	176712473	517	305	179
facedb/176712473/1491080534025701999_stereo_right_camera_1.png	176712473	517	305	179
facedb/176712473/1491080534243916034_stereo_right_camera_2.png	176712473	517	305	179
facedb/176712473/1491080534564765930_stereo_right_camera_3.png	176712473	517	305	179
facedb/176712473/1491080534877175092_stereo_right_camera_4.png	176712473	517	305	179
facedb/176712473/1491080535059391021_stereo_right_camera_5.png	176712473	517	305	179
facedb/176712473/1491080535290087938_stereo_right_camera_6.png	176712473	517	305	179
facedb/176712473/1491080535486490011_stereo_right_camera_7.png	176712473	517	305	179
facedb/176712473/1491080535599453926_stereo_right_camera_8.png	176712473	517	305	179
facedb/176712473/1491080535685828924_stereo_right_camera_9.png	176712473	517	305	179
