facedb/996536078/1490464626632338047_stereo_right_camera_0.png	996536078	523	308	48
facedb/996536078/1490464626749455928_stereo_right_camera_1.png	996536078	523	308	48
facedb/996536078/1490464626974524021_stereo_right_camera_2.png	996536078	523	308	48
facedb/996536078/1490464627077218055_stereo_right_camera_3.png	996536078	523	308	48
facedb/996536078/1490464627168479919_stereo_right_camera_4.png	996536078	523	308	48
facedb/996536078/1490464627300494909_stereo_right_camera_5.png	996536078	523	308	48
facedb/996536078/1490464627376610994_stereo_right_camera_6.png	996536078	523	308	48
facedb/996536078/1490464627501859903_stereo_right_camera_7.png	996536078	523	308	48
facedb/996536078/1490464627768855094_stereo_right_camera_8.png	996536078	523	308	48
facedb/996536078/1490464627859210968_stereo_right_camera_9.png	996536078	523	308	48
