facedb/127094376/1495670551285840034_stereo_right_camera_0.png	127094376	455	283	200
facedb/127094376/1495670551740370035_stereo_right_camera_1.png	127094376	455	283	200
facedb/127094376/1495670551863442897_stereo_right_camera_2.png	127094376	455	283	200
facedb/127094376/1495670552607902050_stereo_right_camera_3.png	127094376	455	283	200
facedb/127094376/1495670552981220960_stereo_right_camera_4.png	127094376	455	283	200
facedb/127094376/1495670553263721942_stereo_right_camera_5.png	127094376	455	283	200
facedb/127094376/1495670553384274959_stereo_right_camera_6.png	127094376	455	283	200
facedb/127094376/1495670553829519033_stereo_right_camera_7.png	127094376	455	283	200
facedb/127094376/1495670553937978029_stereo_right_camera_8.png	127094376	455	283	200
facedb/127094376/1495670554561995029_stereo_right_camera_9.png	127094376	455	283	200
