facedb/1385717837/1490464750281521081_stereo_right_camera_0.png	1385717837	620	346	160
facedb/1385717837/1490464750392474889_stereo_right_camera_1.png	1385717837	620	346	160
facedb/1385717837/1490464750586915969_stereo_right_camera_2.png	1385717837	620	346	160
facedb/1385717837/1490464750699819087_stereo_right_camera_3.png	1385717837	620	346	160
facedb/1385717837/1490464750894292116_stereo_right_camera_4.png	1385717837	620	346	160
facedb/1385717837/1490464751017215967_stereo_right_camera_5.png	1385717837	620	346	160
facedb/1385717837/1490464751134335994_stereo_right_camera_6.png	1385717837	620	346	160
facedb/1385717837/1490464751277873039_stereo_right_camera_7.png	1385717837	620	346	160
facedb/1385717837/1490464751394195079_stereo_right_camera_8.png	1385717837	620	346	160
facedb/1385717837/1490464751521146059_stereo_right_camera_9.png	1385717837	620	346	160
