facedb/1223824995/1490468350147110939_stereo_right_camera_0.png	1223824995	674	467	287
facedb/1223824995/1490468350262676000_stereo_right_camera_1.png	1223824995	674	467	287
facedb/1223824995/1490468350371663093_stereo_right_camera_2.png	1223824995	674	467	287
facedb/1223824995/1490468350500083923_stereo_right_camera_3.png	1223824995	674	467	287
facedb/1223824995/1490468350599709033_stereo_right_camera_4.png	1223824995	674	467	287
facedb/1223824995/1490468350708612918_stereo_right_camera_5.png	1223824995	674	467	287
facedb/1223824995/1490468350812858104_stereo_right_camera_6.png	1223824995	674	467	287
facedb/1223824995/1490468350926347970_stereo_right_camera_7.png	1223824995	674	467	287
facedb/1223824995/1490468351123737096_stereo_right_camera_8.png	1223824995	674	467	287
facedb/1223824995/1490468351228430986_stereo_right_camera_9.png	1223824995	674	467	287
