facedb/1785207729/1491062134754885911_stereo_right_camera_0.png	1785207729	521	207	51
facedb/1785207729/1491062134889456987_stereo_right_camera_1.png	1785207729	521	207	51
facedb/1785207729/1491062135013094902_stereo_right_camera_2.png	1785207729	521	207	51
facedb/1785207729/1491062135133359909_stereo_right_camera_3.png	1785207729	521	207	51
facedb/1785207729/1491062135267982006_stereo_right_camera_4.png	1785207729	521	207	51
facedb/1785207729/1491062135366842031_stereo_right_camera_5.png	1785207729	521	207	51
facedb/1785207729/1491062135709618091_stereo_right_camera_6.png	1785207729	521	207	51
facedb/1785207729/1491062135832353115_stereo_right_camera_7.png	1785207729	521	207	51
facedb/1785207729/1491062135937649011_stereo_right_camera_8.png	1785207729	521	207	51
facedb/1785207729/1491062136135324001_stereo_right_camera_9.png	1785207729	521	207	51
