facedb/1773785998/1493484066115132093_stereo_right_camera_0.png	1773785998	439	293	176
facedb/1773785998/1493484066235058069_stereo_right_camera_1.png	1773785998	439	293	176
facedb/1773785998/1493484066411686897_stereo_right_camera_2.png	1773785998	439	293	176
facedb/1773785998/1493484066580516099_stereo_right_camera_3.png	1773785998	439	293	176
facedb/1773785998/1493484066735220909_stereo_right_camera_4.png	1773785998	439	293	176
facedb/1773785998/1493484066887061119_stereo_right_camera_5.png	1773785998	439	293	176
facedb/1773785998/1493484066986627101_stereo_right_camera_6.png	1773785998	439	293	176
facedb/1773785998/1493484067142944097_stereo_right_camera_7.png	1773785998	439	293	176
facedb/1773785998/1493484067227559089_stereo_right_camera_8.png	1773785998	439	293	176
facedb/1773785998/1493484067515072107_stereo_right_camera_9.png	1773785998	439	293	176
