facedb/1670938245/1521908833097703933_stereo_right_camera_0.png	1670938245	503	324	189
facedb/1670938245/1521908833382643938_stereo_right_camera_1.png	1670938245	503	324	189
facedb/1670938245/1521908833677548885_stereo_right_camera_2.png	1670938245	503	324	189
facedb/1670938245/1521908834124782085_stereo_right_camera_3.png	1670938245	503	324	189
facedb/1670938245/1521908834412075996_stereo_right_camera_4.png	1670938245	503	324	189
facedb/1670938245/1521908834720319986_stereo_right_camera_5.png	1670938245	503	324	189
facedb/1670938245/1521908834934252023_stereo_right_camera_6.png	1670938245	503	324	189
facedb/1670938245/1521908835191365957_stereo_right_camera_7.png	1670938245	503	324	189
facedb/1670938245/1521908836020390033_stereo_right_camera_8.png	1670938245	503	324	189
facedb/1670938245/1521908836209490060_stereo_right_camera_9.png	1670938245	503	324	189
