facedb/972247418/1523825650952296972_stereo_right_camera_0.png	972247418	563	383	224
facedb/972247418/1523825651778479099_stereo_right_camera_1.png	972247418	563	383	224
facedb/972247418/1523825652400873899_stereo_right_camera_2.png	972247418	563	383	224
facedb/972247418/1523825652611490964_stereo_right_camera_3.png	972247418	563	383	224
facedb/972247418/1523825652938894033_stereo_right_camera_4.png	972247418	563	383	224
facedb/972247418/1523825653568566083_stereo_right_camera_5.png	972247418	563	383	224
facedb/972247418/1523825654131561994_stereo_right_camera_6.png	972247418	563	383	224
facedb/972247418/1523825654460498094_stereo_right_camera_7.png	972247418	563	383	224
facedb/972247418/1523825654705099105_stereo_right_camera_8.png	972247418	563	383	224
facedb/972247418/1523825655106192111_stereo_right_camera_9.png	972247418	563	383	224
