facedb/1255661360/1490231834794024944_stereo_left_camera_0.png	1255661360	642	480	352
facedb/1255661360/1490231834926253080_stereo_left_camera_1.png	1255661360	642	480	352
facedb/1255661360/1490231835018569946_stereo_left_camera_2.png	1255661360	642	480	352
facedb/1255661360/1490231835097364902_stereo_left_camera_3.png	1255661360	642	480	352
facedb/1255661360/1490231835196654081_stereo_left_camera_4.png	1255661360	642	480	352
facedb/1255661360/1490231835286689996_stereo_left_camera_5.png	1255661360	642	480	352
facedb/1255661360/1490231835366863965_stereo_left_camera_6.png	1255661360	642	480	352
facedb/1255661360/1490231835464818000_stereo_left_camera_7.png	1255661360	642	480	352
facedb/1255661360/1490231835550894975_stereo_left_camera_8.png	1255661360	642	480	352
facedb/1255661360/1490231835627507925_stereo_left_camera_9.png	1255661360	642	480	352
