facedb/698229849/1491146042123410940_stereo_right_camera_0.png	698229849	470	247	158
facedb/698229849/1491146042384962081_stereo_right_camera_1.png	698229849	470	247	158
facedb/698229849/1491146042623473882_stereo_right_camera_2.png	698229849	470	247	158
facedb/698229849/1491146043066435098_stereo_right_camera_3.png	698229849	470	247	158
facedb/698229849/1491146043147248029_stereo_right_camera_4.png	698229849	470	247	158
facedb/698229849/1491146043343070030_stereo_right_camera_5.png	698229849	470	247	158
facedb/698229849/1491146043600100040_stereo_right_camera_6.png	698229849	470	247	158
facedb/698229849/1491146043844978094_stereo_right_camera_7.png	698229849	470	247	158
facedb/698229849/1491146044327034950_stereo_right_camera_8.png	698229849	470	247	158
facedb/698229849/1491146044512325048_stereo_right_camera_9.png	698229849	470	247	158
