facedb/596945774/1491062652619013071_stereo_right_camera_0.png	596945774	533	323	112
facedb/596945774/1491062652873066902_stereo_right_camera_1.png	596945774	533	323	112
facedb/596945774/1491062653013735055_stereo_right_camera_2.png	596945774	533	323	112
facedb/596945774/1491062653119426965_stereo_right_camera_3.png	596945774	533	323	112
facedb/596945774/1491062653318032979_stereo_right_camera_4.png	596945774	533	323	112
facedb/596945774/1491062653485541105_stereo_right_camera_5.png	596945774	533	323	112
facedb/596945774/1491062653584760904_stereo_right_camera_6.png	596945774	533	323	112
facedb/596945774/1491062653894037008_stereo_right_camera_7.png	596945774	533	323	112
facedb/596945774/1491062654124181985_stereo_right_camera_8.png	596945774	533	323	112
facedb/596945774/1491062654221338033_stereo_right_camera_9.png	596945774	533	323	112
