facedb/392195276/1497726435547837018_stereo_right_camera_0.png	392195276	391	282	211
facedb/392195276/1497726435713242053_stereo_right_camera_1.png	392195276	391	282	211
facedb/392195276/1497726436068475008_stereo_right_camera_2.png	392195276	391	282	211
facedb/392195276/1497726436249344110_stereo_right_camera_3.png	392195276	391	282	211
facedb/392195276/1497726436476489067_stereo_right_camera_4.png	392195276	391	282	211
facedb/392195276/1497726436667020082_stereo_right_camera_5.png	392195276	391	282	211
facedb/392195276/1497726436918458938_stereo_right_camera_6.png	392195276	391	282	211
facedb/392195276/1497726437105305910_stereo_right_camera_7.png	392195276	391	282	211
facedb/392195276/1497726437301816940_stereo_right_camera_8.png	392195276	391	282	211
facedb/392195276/1497726437611977100_stereo_right_camera_9.png	392195276	391	282	211
