facedb/1675898220/1521904282644455909_stereo_right_camera_0.png	1675898220	420	306	216
facedb/1675898220/1521904282864672899_stereo_right_camera_1.png	1675898220	420	306	216
facedb/1675898220/1521904283210907936_stereo_right_camera_2.png	1675898220	420	306	216
facedb/1675898220/1521904283474416017_stereo_right_camera_3.png	1675898220	420	306	216
facedb/1675898220/1521904283853499889_stereo_right_camera_4.png	1675898220	420	306	216
facedb/1675898220/1521904284176383018_stereo_right_camera_5.png	1675898220	420	306	216
facedb/1675898220/1521904284403422117_stereo_right_camera_6.png	1675898220	420	306	216
facedb/1675898220/1521904284716976881_stereo_right_camera_7.png	1675898220	420	306	216
facedb/1675898220/1521904285082717895_stereo_right_camera_8.png	1675898220	420	306	216
facedb/1675898220/1521904285344196081_stereo_right_camera_9.png	1675898220	420	306	216
