facedb/1775619945/1493486260771222114_stereo_right_camera_0.png	1775619945	410	249	151
facedb/1775619945/1493486260864083051_stereo_right_camera_1.png	1775619945	410	249	151
facedb/1775619945/1493486261039856910_stereo_right_camera_2.png	1775619945	410	249	151
facedb/1775619945/1493486261206070899_stereo_right_camera_3.png	1775619945	410	249	151
facedb/1775619945/1493486261418406009_stereo_right_camera_4.png	1775619945	410	249	151
facedb/1775619945/1493486261513797998_stereo_right_camera_5.png	1775619945	410	249	151
facedb/1775619945/1493486261781896114_stereo_right_camera_6.png	1775619945	410	249	151
facedb/1775619945/1493486261876276016_stereo_right_camera_7.png	1775619945	410	249	151
facedb/1775619945/1493486262056683063_stereo_right_camera_8.png	1775619945	410	249	151
facedb/1775619945/1493486262138556003_stereo_right_camera_9.png	1775619945	410	249	151
