facedb/1726872426/1495672164768663883_stereo_right_camera_0.png	1726872426	497	288	141
facedb/1726872426/1495672164963140964_stereo_right_camera_1.png	1726872426	497	288	141
facedb/1726872426/1495672165349314928_stereo_right_camera_2.png	1726872426	497	288	141
facedb/1726872426/1495672165552208900_stereo_right_camera_3.png	1726872426	497	288	141
facedb/1726872426/1495672165887023925_stereo_right_camera_4.png	1726872426	497	288	141
facedb/1726872426/1495672166109639883_stereo_right_camera_5.png	1726872426	497	288	141
facedb/1726872426/1495672166191169977_stereo_right_camera_6.png	1726872426	497	288	141
facedb/1726872426/1495672166513073921_stereo_right_camera_7.png	1726872426	497	288	141
facedb/1726872426/1495672166599250078_stereo_right_camera_8.png	1726872426	497	288	141
facedb/1726872426/1495672167006680011_stereo_right_camera_9.png	1726872426	497	288	141
