facedb/286995899/1491072603624574899_stereo_right_camera_0.png	286995899	516	292	163
facedb/286995899/1491072603811885118_stereo_right_camera_1.png	286995899	516	292	163
facedb/286995899/1491072604092897891_stereo_right_camera_2.png	286995899	516	292	163
facedb/286995899/1491072604375303983_stereo_right_camera_3.png	286995899	516	292	163
facedb/286995899/1491072604664345026_stereo_right_camera_4.png	286995899	516	292	163
facedb/286995899/1491072604958431959_stereo_right_camera_5.png	286995899	516	292	163
facedb/286995899/1491072605037578105_stereo_right_camera_6.png	286995899	516	292	163
facedb/286995899/1491072605354543924_stereo_right_camera_7.png	286995899	516	292	163
facedb/286995899/1491072605467207908_stereo_right_camera_8.png	286995899	516	292	163
facedb/286995899/1491072605632086992_stereo_right_camera_9.png	286995899	516	292	163
