facedb/964554805/1521904464081516981_stereo_right_camera_0.png	964554805	582	354	221
facedb/964554805/1521904465053112030_stereo_right_camera_1.png	964554805	582	354	221
facedb/964554805/1521904465317977905_stereo_right_camera_2.png	964554805	582	354	221
facedb/964554805/1521904465661555051_stereo_right_camera_3.png	964554805	582	354	221
facedb/964554805/1521904465970541000_stereo_right_camera_4.png	964554805	582	354	221
facedb/964554805/1521904466201607942_stereo_right_camera_5.png	964554805	582	354	221
facedb/964554805/1521904466408601045_stereo_right_camera_6.png	964554805	582	354	221
facedb/964554805/1521904466683552980_stereo_right_camera_7.png	964554805	582	354	221
facedb/964554805/1521904467004285097_stereo_right_camera_8.png	964554805	582	354	221
facedb/964554805/1521904467229898929_stereo_right_camera_9.png	964554805	582	354	221
