facedb/1336313017/1521911802673207998_stereo_right_camera_0.png	1336313017	470	374	256
facedb/1336313017/1521911802973197937_stereo_right_camera_1.png	1336313017	470	374	256
facedb/1336313017/1521911803265089988_stereo_right_camera_2.png	1336313017	470	374	256
facedb/1336313017/1521911803573681116_stereo_right_camera_3.png	1336313017	470	374	256
facedb/1336313017/1521911803794955968_stereo_right_camera_4.png	1336313017	470	374	256
facedb/1336313017/1521911804072877883_stereo_right_camera_5.png	1336313017	470	374	256
facedb/1336313017/1521911804356504917_stereo_right_camera_6.png	1336313017	470	374	256
facedb/1336313017/1521911804660278081_stereo_right_camera_7.png	1336313017	470	374	256
facedb/1336313017/1521911804959619998_stereo_right_camera_8.png	1336313017	470	374	256
facedb/1336313017/1521911805141745090_stereo_right_camera_9.png	1336313017	470	374	256
