facedb/1865846610/1490467707316566944_stereo_right_camera_0.png	1865846610	629	461	346
facedb/1865846610/1490467707440826892_stereo_right_camera_1.png	1865846610	629	461	346
facedb/1865846610/1490467707624433994_stereo_right_camera_2.png	1865846610	629	461	346
facedb/1865846610/1490467707769524097_stereo_right_camera_3.png	1865846610	629	461	346
facedb/1865846610/1490467707869893074_stereo_right_camera_4.png	1865846610	629	461	346
facedb/1865846610/1490467707991183042_stereo_right_camera_5.png	1865846610	629	461	346
facedb/1865846610/1490467708105180025_stereo_right_camera_6.png	1865846610	629	461	346
facedb/1865846610/1490467708208287954_stereo_right_camera_7.png	1865846610	629	461	346
facedb/1865846610/1490467708297665119_stereo_right_camera_8.png	1865846610	629	461	346
facedb/1865846610/1490467708395128011_stereo_right_camera_9.png	1865846610	629	461	346
