facedb/461849862/1490468295176896095_stereo_right_camera_0.png	461849862	684	495	318
facedb/461849862/1490468295289170026_stereo_right_camera_1.png	461849862	684	495	318
facedb/461849862/1490468295413450002_stereo_right_camera_2.png	461849862	684	495	318
facedb/461849862/1490468295546956062_stereo_right_camera_3.png	461849862	684	495	318
facedb/461849862/1490468295667443037_stereo_right_camera_4.png	461849862	684	495	318
facedb/461849862/1490468296069277048_stereo_right_camera_5.png	461849862	684	495	318
facedb/461849862/1490468296206322908_stereo_right_camera_6.png	461849862	684	495	318
facedb/461849862/1490468296329130887_stereo_right_camera_7.png	461849862	684	495	318
facedb/461849862/1490468296416682004_stereo_right_camera_8.png	461849862	684	495	318
facedb/461849862/1490468296553373098_stereo_right_camera_9.png	461849862	684	495	318
