facedb/1210226532/1521906486196280956_stereo_right_camera_0.png	1210226532	564	402	279
facedb/1210226532/1521906486453210115_stereo_right_camera_1.png	1210226532	564	402	279
facedb/1210226532/1521906486533365964_stereo_right_camera_2.png	1210226532	564	402	279
facedb/1210226532/1521906486912432909_stereo_right_camera_3.png	1210226532	564	402	279
facedb/1210226532/1521906487256027936_stereo_right_camera_4.png	1210226532	564	402	279
facedb/1210226532/1521906487435427904_stereo_right_camera_5.png	1210226532	564	402	279
facedb/1210226532/1521906487604543924_stereo_right_camera_6.png	1210226532	564	402	279
facedb/1210226532/1521906487992630004_stereo_right_camera_7.png	1210226532	564	402	279
facedb/1210226532/1521906488210000038_stereo_right_camera_8.png	1210226532	564	402	279
facedb/1210226532/1521906488516403913_stereo_right_camera_9.png	1210226532	564	402	279
