facedb/1492908455/1508604609100852966_stereo_right_camera_0.png	1492908455	479	341	206
facedb/1492908455/1508604609502978086_stereo_right_camera_1.png	1492908455	479	341	206
facedb/1492908455/1508604609762820005_stereo_right_camera_2.png	1492908455	479	341	206
facedb/1492908455/1508604609947974920_stereo_right_camera_3.png	1492908455	479	341	206
facedb/1492908455/1508604610258728027_stereo_right_camera_4.png	1492908455	479	341	206
facedb/1492908455/1508604610509119987_stereo_right_camera_5.png	1492908455	479	341	206
facedb/1492908455/1508604610722590923_stereo_right_camera_6.png	1492908455	479	341	206
facedb/1492908455/1508604611012018918_stereo_right_camera_7.png	1492908455	479	341	206
facedb/1492908455/1508604611262665987_stereo_right_camera_8.png	1492908455	479	341	206
facedb/1492908455/1508604611512053012_stereo_right_camera_9.png	1492908455	479	341	206
