facedb/467813359/1501792063003387928_stereo_right_camera_0.png	467813359	317	193	93
facedb/467813359/1501792063223249912_stereo_right_camera_1.png	467813359	317	193	93
facedb/467813359/1501792063433777093_stereo_right_camera_2.png	467813359	317	193	93
facedb/467813359/1501792063746615886_stereo_right_camera_3.png	467813359	317	193	93
facedb/467813359/1501792064106321096_stereo_right_camera_4.png	467813359	317	193	93
facedb/467813359/1501792064802385091_stereo_right_camera_5.png	467813359	317	193	93
facedb/467813359/1501792065606661081_stereo_right_camera_6.png	467813359	317	193	93
facedb/467813359/1501792065769846916_stereo_right_camera_7.png	467813359	317	193	93
facedb/467813359/1501792066032026052_stereo_right_camera_8.png	467813359	317	193	93
facedb/467813359/1501792066267301082_stereo_right_camera_9.png	467813359	317	193	93
