facedb/1155806572/1490465969553013086_stereo_left_camera_0.png	1155806572	611	450	362
facedb/1155806572/1490465969667756080_stereo_left_camera_1.png	1155806572	611	450	362
facedb/1155806572/1490465969748090028_stereo_left_camera_2.png	1155806572	611	450	362
facedb/1155806572/1490465969836031913_stereo_left_camera_3.png	1155806572	611	450	362
facedb/1155806572/1490465969946261882_stereo_left_camera_4.png	1155806572	611	450	362
facedb/1155806572/1490465970077080965_stereo_left_camera_5.png	1155806572	611	450	362
facedb/1155806572/1490465970154752969_stereo_left_camera_6.png	1155806572	611	450	362
facedb/1155806572/1490465970232141017_stereo_left_camera_7.png	1155806572	611	450	362
facedb/1155806572/1490465970367048978_stereo_left_camera_8.png	1155806572	611	450	362
facedb/1155806572/1490465970475034952_stereo_left_camera_9.png	1155806572	611	450	362
