facedb/380985872/1493484675877710103_stereo_right_camera_0.png	380985872	442	280	160
facedb/380985872/1493484676053515911_stereo_right_camera_1.png	380985872	442	280	160
facedb/380985872/1493484676226562976_stereo_right_camera_2.png	380985872	442	280	160
facedb/380985872/1493484676398475885_stereo_right_camera_3.png	380985872	442	280	160
facedb/380985872/1493484676566323041_stereo_right_camera_4.png	380985872	442	280	160
facedb/380985872/1493484676866180896_stereo_right_camera_5.png	380985872	442	280	160
facedb/380985872/1493484677110197067_stereo_right_camera_6.png	380985872	442	280	160
facedb/380985872/1493484677524338960_stereo_right_camera_7.png	380985872	442	280	160
facedb/380985872/1493484677621714115_stereo_right_camera_8.png	380985872	442	280	160
facedb/380985872/1493484677870807886_stereo_right_camera_9.png	380985872	442	280	160
