facedb/1645016695/1505671371909872055_stereo_right_camera_0.png	1645016695	517	382	258
facedb/1645016695/1505671372294775962_stereo_right_camera_1.png	1645016695	517	382	258
facedb/1645016695/1505671372542927026_stereo_right_camera_2.png	1645016695	517	382	258
facedb/1645016695/1505671372780584096_stereo_right_camera_3.png	1645016695	517	382	258
facedb/1645016695/1505671373014094114_stereo_right_camera_4.png	1645016695	517	382	258
facedb/1645016695/1505671373252079010_stereo_right_camera_5.png	1645016695	517	382	258
facedb/1645016695/1505671373448597908_stereo_right_camera_6.png	1645016695	517	382	258
facedb/1645016695/1505671373788453102_stereo_right_camera_7.png	1645016695	517	382	258
facedb/1645016695/1505671374046113967_stereo_right_camera_8.png	1645016695	517	382	258
facedb/1645016695/1505671374271394014_stereo_right_camera_9.png	1645016695	517	382	258
