facedb/961193444/1495577272033915996_stereo_right_camera_0.png	961193444	546	396	261
facedb/961193444/1495577272221350908_stereo_right_camera_1.png	961193444	546	396	261
facedb/961193444/1495577272338325977_stereo_right_camera_2.png	961193444	546	396	261
facedb/961193444/1495577272503576993_stereo_right_camera_3.png	961193444	546	396	261
facedb/961193444/1495577272690838098_stereo_right_camera_4.png	961193444	546	396	261
facedb/961193444/1495577272874368906_stereo_right_camera_5.png	961193444	546	396	261
facedb/961193444/1495577273058747053_stereo_right_camera_6.png	961193444	546	396	261
facedb/961193444/1495577273262330055_stereo_right_camera_7.png	961193444	546	396	261
facedb/961193444/1495577273768316984_stereo_right_camera_8.png	961193444	546	396	261
facedb/961193444/1495577274047041893_stereo_right_camera_9.png	961193444	546	396	261
