facedb/1399691296/1490231775365245103_stereo_left_camera_0.png	1399691296	541	302	163
facedb/1399691296/1490231775734086990_stereo_left_camera_1.png	1399691296	541	302	163
facedb/1399691296/1490231776123851060_stereo_left_camera_2.png	1399691296	541	302	163
facedb/1399691296/1490231776200592041_stereo_left_camera_3.png	1399691296	541	302	163
facedb/1399691296/1490231776409492015_stereo_left_camera_4.png	1399691296	541	302	163
facedb/1399691296/1490231776491471052_stereo_left_camera_5.png	1399691296	541	302	163
facedb/1399691296/1490231776571633100_stereo_left_camera_6.png	1399691296	541	302	163
facedb/1399691296/1490231776664246082_stereo_left_camera_7.png	1399691296	541	302	163
facedb/1399691296/1490231776757975101_stereo_left_camera_8.png	1399691296	541	302	163
facedb/1399691296/1490231776878407955_stereo_left_camera_9.png	1399691296	541	302	163
