facedb/1927417776/1495667545969285011_stereo_right_camera_0.png	1927417776	446	327	227
facedb/1927417776/1495667546102588891_stereo_right_camera_1.png	1927417776	446	327	227
facedb/1927417776/1495667546278259038_stereo_right_camera_2.png	1927417776	446	327	227
facedb/1927417776/1495667546435409069_stereo_right_camera_3.png	1927417776	446	327	227
facedb/1927417776/1495667546638833999_stereo_right_camera_4.png	1927417776	446	327	227
facedb/1927417776/1495667546835833072_stereo_right_camera_5.png	1927417776	446	327	227
facedb/1927417776/1495667547052180051_stereo_right_camera_6.png	1927417776	446	327	227
facedb/1927417776/1495667547220185995_stereo_right_camera_7.png	1927417776	446	327	227
facedb/1927417776/1495667547567039012_stereo_right_camera_8.png	1927417776	446	327	227
facedb/1927417776/1495667547722660064_stereo_right_camera_9.png	1927417776	446	327	227
