facedb/249044436/1495668089206355094_stereo_right_camera_0.png	249044436	347	266	202
facedb/249044436/1495668089719702005_stereo_right_camera_1.png	249044436	347	266	202
facedb/249044436/1495668090139041900_stereo_right_camera_2.png	249044436	347	266	202
facedb/249044436/1495668090761343002_stereo_right_camera_3.png	249044436	347	266	202
facedb/249044436/1495668091168433904_stereo_right_camera_4.png	249044436	347	266	202
facedb/249044436/1495668091348789930_stereo_right_camera_5.png	249044436	347	266	202
facedb/249044436/1495668091528362035_stereo_right_camera_6.png	249044436	347	266	202
facedb/249044436/1495668091690253973_stereo_right_camera_7.png	249044436	347	266	202
facedb/249044436/1495668091980511903_stereo_right_camera_8.png	249044436	347	266	202
facedb/249044436/1495668092174674987_stereo_right_camera_9.png	249044436	347	266	202
