facedb/1490586421/1497722388602456092_stereo_right_camera_0.png	1490586421	433	278	199
facedb/1490586421/1497722388824739933_stereo_right_camera_1.png	1490586421	433	278	199
facedb/1490586421/1497722388920620918_stereo_right_camera_2.png	1490586421	433	278	199
facedb/1490586421/1497722389380395889_stereo_right_camera_3.png	1490586421	433	278	199
facedb/1490586421/1497722389585131883_stereo_right_camera_4.png	1490586421	433	278	199
facedb/1490586421/1497722389792139053_stereo_right_camera_5.png	1490586421	433	278	199
facedb/1490586421/1497722389956888914_stereo_right_camera_6.png	1490586421	433	278	199
facedb/1490586421/1497722390149750947_stereo_right_camera_7.png	1490586421	433	278	199
facedb/1490586421/1497722390336939096_stereo_right_camera_8.png	1490586421	433	278	199
facedb/1490586421/1497722390408368110_stereo_right_camera_9.png	1490586421	433	278	199
