facedb/972702734/1490231452805624961_stereo_right_camera_0.png	972702734	591	400	238
facedb/972702734/1490231452926764011_stereo_right_camera_1.png	972702734	591	400	238
facedb/972702734/1490231453037735939_stereo_right_camera_2.png	972702734	591	400	238
facedb/972702734/1490231453151508092_stereo_right_camera_3.png	972702734	591	400	238
facedb/972702734/1490231453385898113_stereo_right_camera_4.png	972702734	591	400	238
facedb/972702734/1490231453497328996_stereo_right_camera_5.png	972702734	591	400	238
facedb/972702734/1490231453677050113_stereo_right_camera_6.png	972702734	591	400	238
facedb/972702734/1490231453762176990_stereo_right_camera_7.png	972702734	591	400	238
facedb/972702734/1490231453950474977_stereo_right_camera_8.png	972702734	591	400	238
facedb/972702734/1490231454026467084_stereo_right_camera_9.png	972702734	591	400	238
