facedb/1231997847/1490464627501518011_stereo_left_camera_0.png	1231997847	523	321	192
facedb/1231997847/1490464628217853069_stereo_left_camera_1.png	1231997847	523	321	192
facedb/1231997847/1490464628381803035_stereo_left_camera_2.png	1231997847	523	321	192
facedb/1231997847/1490464628803714990_stereo_left_camera_3.png	1231997847	523	321	192
facedb/1231997847/1490464629071691989_stereo_left_camera_4.png	1231997847	523	321	192
facedb/1231997847/1490464629484261035_stereo_left_camera_5.png	1231997847	523	321	192
facedb/1231997847/1490464629695703983_stereo_left_camera_6.png	1231997847	523	321	192
facedb/1231997847/1490464629897833108_stereo_left_camera_7.png	1231997847	523	321	192
facedb/1231997847/1490464629982264041_stereo_left_camera_8.png	1231997847	523	321	192
facedb/1231997847/1490464630071204900_stereo_left_camera_9.png	1231997847	523	321	192
