facedb/628683624/1490231881517862081_stereo_right_camera_0.png	628683624	512	262	150
facedb/628683624/1490231881724003076_stereo_right_camera_1.png	628683624	512	262	150
facedb/628683624/1490231882560481071_stereo_right_camera_2.png	628683624	512	262	150
facedb/628683624/1490231882725244045_stereo_right_camera_3.png	628683624	512	262	150
facedb/628683624/1490231882895390987_stereo_right_camera_4.png	628683624	512	262	150
facedb/628683624/1490231882980684041_stereo_right_camera_5.png	628683624	512	262	150
facedb/628683624/1490231883063838005_stereo_right_camera_6.png	628683624	512	262	150
facedb/628683624/1490231883147352933_stereo_right_camera_7.png	628683624	512	262	150
facedb/628683624/1490231883258418083_stereo_right_camera_8.png	628683624	512	262	150
facedb/628683624/1490231883330765008_stereo_right_camera_9.png	628683624	512	262	150
