facedb/1291005126/1495064406636889934_stereo_right_camera_0.png	1291005126	462	328	193
facedb/1291005126/1495064406852024078_stereo_right_camera_1.png	1291005126	462	328	193
facedb/1291005126/1495064406957005023_stereo_right_camera_2.png	1291005126	462	328	193
facedb/1291005126/1495064407190473079_stereo_right_camera_3.png	1291005126	462	328	193
facedb/1291005126/1495064407477032899_stereo_right_camera_4.png	1291005126	462	328	193
facedb/1291005126/1495064407887321949_stereo_right_camera_5.png	1291005126	462	328	193
facedb/1291005126/1495064408486762046_stereo_right_camera_6.png	1291005126	462	328	193
facedb/1291005126/1495064408688715934_stereo_right_camera_7.png	1291005126	462	328	193
facedb/1291005126/1495064409146656036_stereo_right_camera_8.png	1291005126	462	328	193
facedb/1291005126/1495064409363063097_stereo_right_camera_9.png	1291005126	462	328	193
