facedb/846554939/1490232964740056037_stereo_right_camera_0.png	846554939	386	207	85
facedb/846554939/1490232964894654035_stereo_right_camera_1.png	846554939	386	207	85
facedb/846554939/1490232964996999979_stereo_right_camera_2.png	846554939	386	207	85
facedb/846554939/1490232965094046115_stereo_right_camera_3.png	846554939	386	207	85
facedb/846554939/1490232965166399955_stereo_right_camera_4.png	846554939	386	207	85
facedb/846554939/1490232965166629076_stereo_right_camera_5.png	846554939	386	207	85
facedb/846554939/1490232965256825923_stereo_right_camera_6.png	846554939	386	207	85
facedb/846554939/1490232965730983018_stereo_right_camera_7.png	846554939	386	207	85
facedb/846554939/1490232965789724111_stereo_right_camera_8.png	846554939	386	207	85
facedb/846554939/1490232966130000114_stereo_right_camera_9.png	846554939	386	207	85
