facedb/1096480013/1490469600563834905_stereo_right_camera_0.png	1096480013	604	449	310
facedb/1096480013/1490469600672028064_stereo_right_camera_1.png	1096480013	604	449	310
facedb/1096480013/1490469601409115076_stereo_right_camera_2.png	1096480013	604	449	310
facedb/1096480013/1490469601534903049_stereo_right_camera_3.png	1096480013	604	449	310
facedb/1096480013/1490469602155478954_stereo_right_camera_4.png	1096480013	604	449	310
facedb/1096480013/1490469602343739032_stereo_right_camera_5.png	1096480013	604	449	310
facedb/1096480013/1490469602457112073_stereo_right_camera_6.png	1096480013	604	449	310
facedb/1096480013/1490469602569179058_stereo_right_camera_7.png	1096480013	604	449	310
facedb/1096480013/1490469602684168100_stereo_right_camera_8.png	1096480013	604	449	310
facedb/1096480013/1490469602899463891_stereo_right_camera_9.png	1096480013	604	449	310
