facedb/1659629998/1495576597515117883_stereo_right_camera_0.png	1659629998	563	246	115
facedb/1659629998/1495576597949947118_stereo_right_camera_1.png	1659629998	563	246	115
facedb/1659629998/1495576598080173015_stereo_right_camera_2.png	1659629998	563	246	115
facedb/1659629998/1495576598195245027_stereo_right_camera_3.png	1659629998	563	246	115
facedb/1659629998/1495576598743632078_stereo_right_camera_4.png	1659629998	563	246	115
facedb/1659629998/1495576598945310115_stereo_right_camera_5.png	1659629998	563	246	115
facedb/1659629998/1495576599124406099_stereo_right_camera_6.png	1659629998	563	246	115
facedb/1659629998/1495576599639364004_stereo_right_camera_7.png	1659629998	563	246	115
facedb/1659629998/1495576600584954023_stereo_right_camera_8.png	1659629998	563	246	115
facedb/1659629998/1495576600799463033_stereo_right_camera_9.png	1659629998	563	246	115
