facedb/1063142095/1490469652038523912_stereo_right_camera_0.png	1063142095	587	371	221
facedb/1063142095/1490469652353115081_stereo_right_camera_1.png	1063142095	587	371	221
facedb/1063142095/1490469652543025970_stereo_right_camera_2.png	1063142095	587	371	221
facedb/1063142095/1490469652647649049_stereo_right_camera_3.png	1063142095	587	371	221
facedb/1063142095/1490469652843051910_stereo_right_camera_4.png	1063142095	587	371	221
facedb/1063142095/1490469652925321102_stereo_right_camera_5.png	1063142095	587	371	221
facedb/1063142095/1490469653052407026_stereo_right_camera_6.png	1063142095	587	371	221
facedb/1063142095/1490469653424014091_stereo_right_camera_7.png	1063142095	587	371	221
facedb/1063142095/1490469653512096881_stereo_right_camera_8.png	1063142095	587	371	221
facedb/1063142095/1490469653672507047_stereo_right_camera_9.png	1063142095	587	371	221
