facedb/364274641/1490233314426155090_stereo_right_camera_0.png	364274641	504	308	162
facedb/364274641/1490233314542932033_stereo_right_camera_1.png	364274641	504	308	162
facedb/364274641/1490233314662285089_stereo_right_camera_2.png	364274641	504	308	162
facedb/364274641/1490233314755740880_stereo_right_camera_3.png	364274641	504	308	162
facedb/364274641/1490233314904431104_stereo_right_camera_4.png	364274641	504	308	162
facedb/364274641/1490233315010344982_stereo_right_camera_5.png	364274641	504	308	162
facedb/364274641/1490233315104551076_stereo_right_camera_6.png	364274641	504	308	162
facedb/364274641/1490233315248056888_stereo_right_camera_7.png	364274641	504	308	162
facedb/364274641/1490233315377346992_stereo_right_camera_8.png	364274641	504	308	162
facedb/364274641/1490233315496977090_stereo_right_camera_9.png	364274641	504	308	162
