facedb/706308924/1491081093950349092_stereo_right_camera_0.png	706308924	625	425	247
facedb/706308924/1491081094037818908_stereo_right_camera_1.png	706308924	625	425	247
facedb/706308924/1491081094287911891_stereo_right_camera_2.png	706308924	625	425	247
facedb/706308924/1491081094390542030_stereo_right_camera_3.png	706308924	625	425	247
facedb/706308924/1491081094602319955_stereo_right_camera_4.png	706308924	625	425	247
facedb/706308924/1491081094690010070_stereo_right_camera_5.png	706308924	625	425	247
facedb/706308924/1491081094902954101_stereo_right_camera_6.png	706308924	625	425	247
facedb/706308924/1491081095021645069_stereo_right_camera_7.png	706308924	625	425	247
facedb/706308924/1491081095108170032_stereo_right_camera_8.png	706308924	625	425	247
facedb/706308924/1491081095250010967_stereo_right_camera_9.png	706308924	625	425	247
