facedb/1219753283/1490232927676846981_stereo_right_camera_0.png	1219753283	429	227	144
facedb/1219753283/1490232927780947923_stereo_right_camera_1.png	1219753283	429	227	144
facedb/1219753283/1490232927886229038_stereo_right_camera_2.png	1219753283	429	227	144
facedb/1219753283/1490232927987255096_stereo_right_camera_3.png	1219753283	429	227	144
facedb/1219753283/1490232928080005884_stereo_right_camera_4.png	1219753283	429	227	144
facedb/1219753283/1490232928177922010_stereo_right_camera_5.png	1219753283	429	227	144
facedb/1219753283/1490232928263498067_stereo_right_camera_6.png	1219753283	429	227	144
facedb/1219753283/1490232928456563949_stereo_right_camera_7.png	1219753283	429	227	144
facedb/1219753283/1490232928694072961_stereo_right_camera_8.png	1219753283	429	227	144
facedb/1219753283/1490232928787977933_stereo_right_camera_9.png	1219753283	429	227	144
