facedb/1032515172/1491064134393970966_stereo_right_camera_0.png	1032515172	372	208	101
facedb/1032515172/1491064134731175899_stereo_right_camera_1.png	1032515172	372	208	101
facedb/1032515172/1491064134923698902_stereo_right_camera_2.png	1032515172	372	208	101
facedb/1032515172/1491064135006340026_stereo_right_camera_3.png	1032515172	372	208	101
facedb/1032515172/1491064135195578098_stereo_right_camera_4.png	1032515172	372	208	101
facedb/1032515172/1491064135297034025_stereo_right_camera_5.png	1032515172	372	208	101
facedb/1032515172/1491064135478425025_stereo_right_camera_6.png	1032515172	372	208	101
facedb/1032515172/1491064135574337959_stereo_right_camera_7.png	1032515172	372	208	101
facedb/1032515172/1491064135752940893_stereo_right_camera_8.png	1032515172	372	208	101
facedb/1032515172/1491064135927248001_stereo_right_camera_9.png	1032515172	372	208	101
