facedb/1192350628/1491074626916249990_stereo_right_camera_0.png	1192350628	376	185	64
facedb/1192350628/1491074627161727905_stereo_right_camera_1.png	1192350628	376	185	64
facedb/1192350628/1491074627263850927_stereo_right_camera_2.png	1192350628	376	185	64
facedb/1192350628/1491074627566118955_stereo_right_camera_3.png	1192350628	376	185	64
facedb/1192350628/1491074628561682939_stereo_right_camera_4.png	1192350628	376	185	64
facedb/1192350628/1491074629088049888_stereo_right_camera_5.png	1192350628	376	185	64
facedb/1192350628/1491074629462637901_stereo_right_camera_6.png	1192350628	376	185	64
facedb/1192350628/1491074629644184112_stereo_right_camera_7.png	1192350628	376	185	64
facedb/1192350628/1491074629919653892_stereo_right_camera_8.png	1192350628	376	185	64
facedb/1192350628/1491074630313816070_stereo_right_camera_9.png	1192350628	376	185	64
