facedb/1711135027/1521906383964605093_stereo_right_camera_0.png	1711135027	399	294	203
facedb/1711135027/1521906384155529975_stereo_right_camera_1.png	1711135027	399	294	203
facedb/1711135027/1521906384467258930_stereo_right_camera_2.png	1711135027	399	294	203
facedb/1711135027/1521906384783263921_stereo_right_camera_3.png	1711135027	399	294	203
facedb/1711135027/1521906385017517089_stereo_right_camera_4.png	1711135027	399	294	203
facedb/1711135027/1521906385285206079_stereo_right_camera_5.png	1711135027	399	294	203
facedb/1711135027/1521906385571101903_stereo_right_camera_6.png	1711135027	399	294	203
facedb/1711135027/1521906385845114946_stereo_right_camera_7.png	1711135027	399	294	203
facedb/1711135027/1521906386142379045_stereo_right_camera_8.png	1711135027	399	294	203
facedb/1711135027/1521906386569798946_stereo_right_camera_9.png	1711135027	399	294	203
