facedb/38840094/1490468320917630910_stereo_right_camera_0.png	38840094	514	316	154
facedb/38840094/1490468321053359031_stereo_right_camera_1.png	38840094	514	316	154
facedb/38840094/1490468321131767034_stereo_right_camera_2.png	38840094	514	316	154
facedb/38840094/1490468321319921970_stereo_right_camera_3.png	38840094	514	316	154
facedb/38840094/1490468321438514947_stereo_right_camera_4.png	38840094	514	316	154
facedb/38840094/1490468321573508977_stereo_right_camera_5.png	38840094	514	316	154
facedb/38840094/1490468321705193996_stereo_right_camera_6.png	38840094	514	316	154
facedb/38840094/1490468321834533929_stereo_right_camera_7.png	38840094	514	316	154
facedb/38840094/1490468321963958978_stereo_right_camera_8.png	38840094	514	316	154
facedb/38840094/1490468322087963104_stereo_right_camera_9.png	38840094	514	316	154
