facedb/1716822805/1494102584316004037_stereo_right_camera_0.png	1716822805	455	320	218
facedb/1716822805/1494102584508385896_stereo_right_camera_1.png	1716822805	455	320	218
facedb/1716822805/1494102584632236957_stereo_right_camera_2.png	1716822805	455	320	218
facedb/1716822805/1494102585119771957_stereo_right_camera_3.png	1716822805	455	320	218
facedb/1716822805/1494102585206808090_stereo_right_camera_4.png	1716822805	455	320	218
facedb/1716822805/1494102585541093111_stereo_right_camera_5.png	1716822805	455	320	218
facedb/1716822805/1494102585721893072_stereo_right_camera_6.png	1716822805	455	320	218
facedb/1716822805/1494102585967572927_stereo_right_camera_7.png	1716822805	455	320	218
facedb/1716822805/1494102586158734083_stereo_right_camera_8.png	1716822805	455	320	218
facedb/1716822805/1494102586392066955_stereo_right_camera_9.png	1716822805	455	320	218
