facedb/1066469097/1493486323625418901_stereo_right_camera_0.png	1066469097	564	341	170
facedb/1066469097/1493486323803775072_stereo_right_camera_1.png	1066469097	564	341	170
facedb/1066469097/1493486323987912893_stereo_right_camera_2.png	1066469097	564	341	170
facedb/1066469097/1493486324157193899_stereo_right_camera_3.png	1066469097	564	341	170
facedb/1066469097/1493486324419956922_stereo_right_camera_4.png	1066469097	564	341	170
facedb/1066469097/1493486324733586072_stereo_right_camera_5.png	1066469097	564	341	170
facedb/1066469097/1493486324897728919_stereo_right_camera_6.png	1066469097	564	341	170
facedb/1066469097/1493486325072298049_stereo_right_camera_7.png	1066469097	564	341	170
facedb/1066469097/1493486325671169042_stereo_right_camera_8.png	1066469097	564	341	170
facedb/1066469097/1493486325863013029_stereo_right_camera_9.png	1066469097	564	341	170
