facedb/1055012259/1490464786960678100_stereo_right_camera_0.png	1055012259	499	333	226
facedb/1055012259/1490464787414385080_stereo_right_camera_1.png	1055012259	499	333	226
facedb/1055012259/1490464787487426042_stereo_right_camera_2.png	1055012259	499	333	226
facedb/1055012259/1490464787570732116_stereo_right_camera_3.png	1055012259	499	333	226
facedb/1055012259/1490464787647495031_stereo_right_camera_4.png	1055012259	499	333	226
facedb/1055012259/1490464787734750986_stereo_right_camera_5.png	1055012259	499	333	226
facedb/1055012259/1490464787815455913_stereo_right_camera_6.png	1055012259	499	333	226
facedb/1055012259/1490464787925848007_stereo_right_camera_7.png	1055012259	499	333	226
facedb/1055012259/1490464788021626949_stereo_right_camera_8.png	1055012259	499	333	226
facedb/1055012259/1490464788148933887_stereo_right_camera_9.png	1055012259	499	333	226
