facedb/251184182/1497727839312256097_stereo_right_camera_0.png	251184182	567	361	227
facedb/251184182/1497727839681240081_stereo_right_camera_1.png	251184182	567	361	227
facedb/251184182/1497727840025533914_stereo_right_camera_2.png	251184182	567	361	227
facedb/251184182/1497727840492794036_stereo_right_camera_3.png	251184182	567	361	227
facedb/251184182/1497727840759927988_stereo_right_camera_4.png	251184182	567	361	227
facedb/251184182/1497727841139215946_stereo_right_camera_5.png	251184182	567	361	227
facedb/251184182/1497727841602442979_stereo_right_camera_6.png	251184182	567	361	227
facedb/251184182/1497727841838152885_stereo_right_camera_7.png	251184182	567	361	227
facedb/251184182/1497727842079230070_stereo_right_camera_8.png	251184182	567	361	227
facedb/251184182/1497727842447650909_stereo_right_camera_9.png	251184182	567	361	227
