facedb/404547840/1491074383169800043_stereo_right_camera_0.png	404547840	469	269	113
facedb/404547840/1491074383268656015_stereo_right_camera_1.png	404547840	469	269	113
facedb/404547840/1491074383491859912_stereo_right_camera_2.png	404547840	469	269	113
facedb/404547840/1491074383593969106_stereo_right_camera_3.png	404547840	469	269	113
facedb/404547840/1491074383704021930_stereo_right_camera_4.png	404547840	469	269	113
facedb/404547840/1491074383827354907_stereo_right_camera_5.png	404547840	469	269	113
facedb/404547840/1491074384067406892_stereo_right_camera_6.png	404547840	469	269	113
facedb/404547840/1491074384163813114_stereo_right_camera_7.png	404547840	469	269	113
facedb/404547840/1491074384379667997_stereo_right_camera_8.png	404547840	469	269	113
facedb/404547840/1491074384488046884_stereo_right_camera_9.png	404547840	469	269	113
