facedb/804197024/1491059572800348043_stereo_right_camera_0.png	804197024	477	271	171
facedb/804197024/1491059573018237113_stereo_right_camera_1.png	804197024	477	271	171
facedb/804197024/1491059573646316051_stereo_right_camera_2.png	804197024	477	271	171
facedb/804197024/1491059573794806957_stereo_right_camera_3.png	804197024	477	271	171
facedb/804197024/1491059574585805892_stereo_right_camera_4.png	804197024	477	271	171
facedb/804197024/1491059574817132949_stereo_right_camera_5.png	804197024	477	271	171
facedb/804197024/1491059574912312984_stereo_right_camera_6.png	804197024	477	271	171
facedb/804197024/1491059575291099071_stereo_right_camera_7.png	804197024	477	271	171
facedb/804197024/1491059575408699989_stereo_right_camera_8.png	804197024	477	271	171
facedb/804197024/1491059575491847991_stereo_right_camera_9.png	804197024	477	271	171
