facedb/800565409/1505676215625756025_stereo_right_camera_0.png	800565409	481	274	177
facedb/800565409/1505676215838136911_stereo_right_camera_1.png	800565409	481	274	177
facedb/800565409/1505676216005429983_stereo_right_camera_2.png	800565409	481	274	177
facedb/800565409/1505676216265934944_stereo_right_camera_3.png	800565409	481	274	177
facedb/800565409/1505676216510478973_stereo_right_camera_4.png	800565409	481	274	177
facedb/800565409/1505676216699409008_stereo_right_camera_5.png	800565409	481	274	177
facedb/800565409/1505676216891956090_stereo_right_camera_6.png	800565409	481	274	177
facedb/800565409/1505676217147488117_stereo_right_camera_7.png	800565409	481	274	177
facedb/800565409/1505676217362435102_stereo_right_camera_8.png	800565409	481	274	177
facedb/800565409/1505676217612313032_stereo_right_camera_9.png	800565409	481	274	177
