facedb/330980572/1501791629887473106_stereo_right_camera_0.png	330980572	515	263	44
facedb/330980572/1501791630097798109_stereo_right_camera_1.png	330980572	515	263	44
facedb/330980572/1501791631045320034_stereo_right_camera_2.png	330980572	515	263	44
facedb/330980572/1501791631247658014_stereo_right_camera_3.png	330980572	515	263	44
facedb/330980572/1501791631518795967_stereo_right_camera_4.png	330980572	515	263	44
facedb/330980572/1501791631820301055_stereo_right_camera_5.png	330980572	515	263	44
facedb/330980572/1501791632250590085_stereo_right_camera_6.png	330980572	515	263	44
facedb/330980572/1501791632521743059_stereo_right_camera_7.png	330980572	515	263	44
facedb/330980572/1501791632800537109_stereo_right_camera_8.png	330980572	515	263	44
facedb/330980572/1501791633073194026_stereo_right_camera_9.png	330980572	515	263	44
