facedb/103226244/1490829819700117111_stereo_left_camera_0.png	103226244	612	460	327
facedb/103226244/1490829819831191062_stereo_left_camera_1.png	103226244	612	460	327
facedb/103226244/1490829819902962923_stereo_left_camera_2.png	103226244	612	460	327
facedb/103226244/1490829819981992006_stereo_left_camera_3.png	103226244	612	460	327
facedb/103226244/1490829820064651012_stereo_left_camera_4.png	103226244	612	460	327
facedb/103226244/1490829820244932889_stereo_left_camera_5.png	103226244	612	460	327
facedb/103226244/1490829820355669975_stereo_left_camera_6.png	103226244	612	460	327
facedb/103226244/1490829820446717977_stereo_left_camera_7.png	103226244	612	460	327
facedb/103226244/1490829820527146100_stereo_left_camera_8.png	103226244	612	460	327
facedb/103226244/1490829820612498998_stereo_left_camera_9.png	103226244	612	460	327
