facedb/1845715690/1491081666298593044_stereo_right_camera_0.png	1845715690	544	267	129
facedb/1845715690/1491081666396141052_stereo_right_camera_1.png	1845715690	544	267	129
facedb/1845715690/1491081666811043977_stereo_right_camera_2.png	1845715690	544	267	129
facedb/1845715690/1491081666941555976_stereo_right_camera_3.png	1845715690	544	267	129
facedb/1845715690/1491081667745182991_stereo_right_camera_4.png	1845715690	544	267	129
facedb/1845715690/1491081667868968009_stereo_right_camera_5.png	1845715690	544	267	129
facedb/1845715690/1491081668146094083_stereo_right_camera_6.png	1845715690	544	267	129
facedb/1845715690/1491081668536972045_stereo_right_camera_7.png	1845715690	544	267	129
facedb/1845715690/1491081668917006015_stereo_right_camera_8.png	1845715690	544	267	129
facedb/1845715690/1491081669260698080_stereo_right_camera_9.png	1845715690	544	267	129
