facedb/196084574/1490233893305449008_stereo_right_camera_0.png	196084574	434	218	110
facedb/196084574/1490233893733146905_stereo_right_camera_1.png	196084574	434	218	110
facedb/196084574/1490233894068964958_stereo_right_camera_2.png	196084574	434	218	110
facedb/196084574/1490233894372299909_stereo_right_camera_3.png	196084574	434	218	110
facedb/196084574/1490233894473284959_stereo_right_camera_4.png	196084574	434	218	110
facedb/196084574/1490233894571486949_stereo_right_camera_5.png	196084574	434	218	110
facedb/196084574/1490233894663331985_stereo_right_camera_6.png	196084574	434	218	110
facedb/196084574/1490233894889010906_stereo_right_camera_7.png	196084574	434	218	110
facedb/196084574/1490233895320262908_stereo_right_camera_8.png	196084574	434	218	110
facedb/196084574/1490233896301774024_stereo_right_camera_9.png	196084574	434	218	110
