facedb/1584989178/1491069274567866086_stereo_right_camera_0.png	1584989178	612	277	90
facedb/1584989178/1491069274673218011_stereo_right_camera_1.png	1584989178	612	277	90
facedb/1584989178/1491069274899492025_stereo_right_camera_2.png	1584989178	612	277	90
facedb/1584989178/1491069275047076940_stereo_right_camera_3.png	1584989178	612	277	90
facedb/1584989178/1491069275123730897_stereo_right_camera_4.png	1584989178	612	277	90
facedb/1584989178/1491069275320775985_stereo_right_camera_5.png	1584989178	612	277	90
facedb/1584989178/1491069276246208906_stereo_right_camera_6.png	1584989178	612	277	90
facedb/1584989178/1491069276354882001_stereo_right_camera_7.png	1584989178	612	277	90
facedb/1584989178/1491069277137989997_stereo_right_camera_8.png	1584989178	612	277	90
facedb/1584989178/1491069277308816909_stereo_right_camera_9.png	1584989178	612	277	90
