facedb/598342428/1508604559172807931_stereo_right_camera_0.png	598342428	522	323	193
facedb/598342428/1508604559329523086_stereo_right_camera_1.png	598342428	522	323	193
facedb/598342428/1508604559632658958_stereo_right_camera_2.png	598342428	522	323	193
facedb/598342428/1508604559748696088_stereo_right_camera_3.png	598342428	522	323	193
facedb/598342428/1508604560112879037_stereo_right_camera_4.png	598342428	522	323	193
facedb/598342428/1508604560306674957_stereo_right_camera_5.png	598342428	522	323	193
facedb/598342428/1508604560587277889_stereo_right_camera_6.png	598342428	522	323	193
facedb/598342428/1508604560877851963_stereo_right_camera_7.png	598342428	522	323	193
facedb/598342428/1508604561155983924_stereo_right_camera_8.png	598342428	522	323	193
facedb/598342428/1508604561377942085_stereo_right_camera_9.png	598342428	522	323	193
