facedb/1352919099/1495576575514060974_stereo_left_camera_0.png	1352919099	593	255	63
facedb/1352919099/1495576575708328008_stereo_left_camera_1.png	1352919099	593	255	63
facedb/1352919099/1495576575888750076_stereo_left_camera_2.png	1352919099	593	255	63
facedb/1352919099/1495576576010832071_stereo_left_camera_3.png	1352919099	593	255	63
facedb/1352919099/1495576576097163915_stereo_left_camera_4.png	1352919099	593	255	63
facedb/1352919099/1495576576436340093_stereo_left_camera_5.png	1352919099	593	255	63
facedb/1352919099/1495576576585628986_stereo_left_camera_6.png	1352919099	593	255	63
facedb/1352919099/1495576576756350994_stereo_left_camera_7.png	1352919099	593	255	63
facedb/1352919099/1495576576841300010_stereo_left_camera_8.png	1352919099	593	255	63
facedb/1352919099/1495576577054253101_stereo_left_camera_9.png	1352919099	593	255	63
