facedb/904088393/1493487255597299098_stereo_right_camera_0.png	904088393	511	285	192
facedb/904088393/1493487255733500003_stereo_right_camera_1.png	904088393	511	285	192
facedb/904088393/1493487255922753095_stereo_right_camera_2.png	904088393	511	285	192
facedb/904088393/1493487256030982971_stereo_right_camera_3.png	904088393	511	285	192
facedb/904088393/1493487256202060937_stereo_right_camera_4.png	904088393	511	285	192
facedb/904088393/1493487256388930082_stereo_right_camera_5.png	904088393	511	285	192
facedb/904088393/1493487256574069976_stereo_right_camera_6.png	904088393	511	285	192
facedb/904088393/1493487256682212114_stereo_right_camera_7.png	904088393	511	285	192
facedb/904088393/1493487256870026111_stereo_right_camera_8.png	904088393	511	285	192
facedb/904088393/1493487256954754114_stereo_right_camera_9.png	904088393	511	285	192
