facedb/1532327977/1495666131633094072_stereo_right_camera_0.png	1532327977	443	297	224
facedb/1532327977/1495666131904784917_stereo_right_camera_1.png	1532327977	443	297	224
facedb/1532327977/1495666131995167970_stereo_right_camera_2.png	1532327977	443	297	224
facedb/1532327977/1495666132251491069_stereo_right_camera_3.png	1532327977	443	297	224
facedb/1532327977/1495666132665636062_stereo_right_camera_4.png	1532327977	443	297	224
facedb/1532327977/1495666132781403064_stereo_right_camera_5.png	1532327977	443	297	224
facedb/1532327977/1495666132959333896_stereo_right_camera_6.png	1532327977	443	297	224
facedb/1532327977/1495666133214308977_stereo_right_camera_7.png	1532327977	443	297	224
facedb/1532327977/1495666133308820009_stereo_right_camera_8.png	1532327977	443	297	224
facedb/1532327977/1495666134005861043_stereo_right_camera_9.png	1532327977	443	297	224
