facedb/132979343/1521904047775655031_stereo_right_camera_0.png	132979343	623	254	134
facedb/132979343/1521904047914149045_stereo_right_camera_1.png	132979343	623	254	134
facedb/132979343/1521904048199831962_stereo_right_camera_2.png	132979343	623	254	134
facedb/132979343/1521904048441037893_stereo_right_camera_3.png	132979343	623	254	134
facedb/132979343/1521904048657871007_stereo_right_camera_4.png	132979343	623	254	134
facedb/132979343/1521904049141052007_stereo_right_camera_5.png	132979343	623	254	134
facedb/132979343/1521904049612154006_stereo_right_camera_6.png	132979343	623	254	134
facedb/132979343/1521904050119920015_stereo_right_camera_7.png	132979343	623	254	134
facedb/132979343/1521904050374844074_stereo_right_camera_8.png	132979343	623	254	134
facedb/132979343/1521904050630758047_stereo_right_camera_9.png	132979343	623	254	134
