facedb/1876345339/1493486801175487041_stereo_right_camera_0.png	1876345339	462	163	50
facedb/1876345339/1493486801265064001_stereo_right_camera_1.png	1876345339	462	163	50
facedb/1876345339/1493486801473683118_stereo_right_camera_2.png	1876345339	462	163	50
facedb/1876345339/1493486801812110900_stereo_right_camera_3.png	1876345339	462	163	50
facedb/1876345339/1493486802005064010_stereo_right_camera_4.png	1876345339	462	163	50
facedb/1876345339/1493486802106280088_stereo_right_camera_5.png	1876345339	462	163	50
facedb/1876345339/1493486802234030961_stereo_right_camera_6.png	1876345339	462	163	50
facedb/1876345339/1493486802445645093_stereo_right_camera_7.png	1876345339	462	163	50
facedb/1876345339/1493486802539936065_stereo_right_camera_8.png	1876345339	462	163	50
facedb/1876345339/1493486802770097017_stereo_right_camera_9.png	1876345339	462	163	50
