facedb/1296233149/1497727842694969892_stereo_right_camera_0.png	1296233149	616	356	264
facedb/1296233149/1497727842934616088_stereo_right_camera_1.png	1296233149	616	356	264
facedb/1296233149/1497727843159357070_stereo_right_camera_2.png	1296233149	616	356	264
facedb/1296233149/1497727843381680011_stereo_right_camera_3.png	1296233149	616	356	264
facedb/1296233149/1497727843608196020_stereo_right_camera_4.png	1296233149	616	356	264
facedb/1296233149/1497727843840504884_stereo_right_camera_5.png	1296233149	616	356	264
facedb/1296233149/1497727844101284027_stereo_right_camera_6.png	1296233149	616	356	264
facedb/1296233149/1497727844347388029_stereo_right_camera_7.png	1296233149	616	356	264
facedb/1296233149/1497727844585963964_stereo_right_camera_8.png	1296233149	616	356	264
facedb/1296233149/1497727844824534893_stereo_right_camera_9.png	1296233149	616	356	264
