facedb/904879480/1505674625073654890_stereo_right_camera_0.png	904879480	385	235	146
facedb/904879480/1505674625165333986_stereo_right_camera_1.png	904879480	385	235	146
facedb/904879480/1505674625524403095_stereo_right_camera_2.png	904879480	385	235	146
facedb/904879480/1505674625634057044_stereo_right_camera_3.png	904879480	385	235	146
facedb/904879480/1505674625895611047_stereo_right_camera_4.png	904879480	385	235	146
facedb/904879480/1505674626054415941_stereo_right_camera_5.png	904879480	385	235	146
facedb/904879480/1505674626317821025_stereo_right_camera_6.png	904879480	385	235	146
facedb/904879480/1505674626597783088_stereo_right_camera_7.png	904879480	385	235	146
facedb/904879480/1505674626878626108_stereo_right_camera_8.png	904879480	385	235	146
facedb/904879480/1505674627146795988_stereo_right_camera_9.png	904879480	385	235	146
