facedb/779254737/1491059580062453031_stereo_right_camera_0.png	779254737	606	386	224
facedb/779254737/1491059580264621973_stereo_right_camera_1.png	779254737	606	386	224
facedb/779254737/1491059580385291099_stereo_right_camera_2.png	779254737	606	386	224
facedb/779254737/1491059580559479951_stereo_right_camera_3.png	779254737	606	386	224
facedb/779254737/1491059580683198928_stereo_right_camera_4.png	779254737	606	386	224
facedb/779254737/1491059580776844024_stereo_right_camera_5.png	779254737	606	386	224
facedb/779254737/1491059580962800979_stereo_right_camera_6.png	779254737	606	386	224
facedb/779254737/1491059581047997951_stereo_right_camera_7.png	779254737	606	386	224
facedb/779254737/1491059581140851020_stereo_right_camera_8.png	779254737	606	386	224
facedb/779254737/1491059581753514051_stereo_right_camera_9.png	779254737	606	386	224
