facedb/210680833/1491072476330909013_stereo_right_camera_0.png	210680833	482	229	122
facedb/210680833/1491072476490855932_stereo_right_camera_1.png	210680833	482	229	122
facedb/210680833/1491072476572797060_stereo_right_camera_2.png	210680833	482	229	122
facedb/210680833/1491072476858443021_stereo_right_camera_3.png	210680833	482	229	122
facedb/210680833/1491072477024034976_stereo_right_camera_4.png	210680833	482	229	122
facedb/210680833/1491072477220762968_stereo_right_camera_5.png	210680833	482	229	122
facedb/210680833/1491072477581096887_stereo_right_camera_6.png	210680833	482	229	122
facedb/210680833/1491072477704941987_stereo_right_camera_7.png	210680833	482	229	122
facedb/210680833/1491072477784805059_stereo_right_camera_8.png	210680833	482	229	122
facedb/210680833/1491072478023124933_stereo_right_camera_9.png	210680833	482	229	122
