facedb/545631153/1505674639481762886_stereo_right_camera_0.png	545631153	427	249	101
facedb/545631153/1505674639676295995_stereo_right_camera_1.png	545631153	427	249	101
facedb/545631153/1505674639843384981_stereo_right_camera_2.png	545631153	427	249	101
facedb/545631153/1505674640387518882_stereo_right_camera_3.png	545631153	427	249	101
facedb/545631153/1505674640560359954_stereo_right_camera_4.png	545631153	427	249	101
facedb/545631153/1505674640868488073_stereo_right_camera_5.png	545631153	427	249	101
facedb/545631153/1505674641047491073_stereo_right_camera_6.png	545631153	427	249	101
facedb/545631153/1505674641312006950_stereo_right_camera_7.png	545631153	427	249	101
facedb/545631153/1505674641469753980_stereo_right_camera_8.png	545631153	427	249	101
facedb/545631153/1505674641753292083_stereo_right_camera_9.png	545631153	427	249	101
