facedb/1294245957/1501789691138017892_stereo_right_camera_0.png	1294245957	401	224	117
facedb/1294245957/1501789691368426084_stereo_right_camera_1.png	1294245957	401	224	117
facedb/1294245957/1501789691434412002_stereo_right_camera_2.png	1294245957	401	224	117
facedb/1294245957/1501789691901082038_stereo_right_camera_3.png	1294245957	401	224	117
facedb/1294245957/1501789692105835914_stereo_right_camera_4.png	1294245957	401	224	117
facedb/1294245957/1501789692347119092_stereo_right_camera_5.png	1294245957	401	224	117
facedb/1294245957/1501789692538815021_stereo_right_camera_6.png	1294245957	401	224	117
facedb/1294245957/1501789692622976064_stereo_right_camera_7.png	1294245957	401	224	117
facedb/1294245957/1501789692968688011_stereo_right_camera_8.png	1294245957	401	224	117
facedb/1294245957/1501789693157321929_stereo_right_camera_9.png	1294245957	401	224	117
