facedb/47043031/1490231835699465036_stereo_left_camera_0.png	47043031	504	327	208
facedb/47043031/1490231835781769037_stereo_left_camera_1.png	47043031	504	327	208
facedb/47043031/1490231835889465093_stereo_left_camera_2.png	47043031	504	327	208
facedb/47043031/1490231835989379882_stereo_left_camera_3.png	47043031	504	327	208
facedb/47043031/1490231836074632883_stereo_left_camera_4.png	47043031	504	327	208
facedb/47043031/1490231836175357103_stereo_left_camera_5.png	47043031	504	327	208
facedb/47043031/1490231836255887031_stereo_left_camera_6.png	47043031	504	327	208
facedb/47043031/1490231836327137947_stereo_left_camera_7.png	47043031	504	327	208
facedb/47043031/1490231836414855003_stereo_left_camera_8.png	47043031	504	327	208
facedb/47043031/1490231836499231100_stereo_left_camera_9.png	47043031	504	327	208
