facedb/750514492/1490231128585521936_stereo_right_camera_0.png	750514492	576	293	88
facedb/750514492/1490231128723893880_stereo_right_camera_1.png	750514492	576	293	88
facedb/750514492/1490231128804574966_stereo_right_camera_2.png	750514492	576	293	88
facedb/750514492/1490231128935096979_stereo_right_camera_3.png	750514492	576	293	88
facedb/750514492/1490231129017991065_stereo_right_camera_4.png	750514492	576	293	88
facedb/750514492/1490231129110830068_stereo_right_camera_5.png	750514492	576	293	88
facedb/750514492/1490231129543499946_stereo_right_camera_6.png	750514492	576	293	88
facedb/750514492/1490231129633708000_stereo_right_camera_7.png	750514492	576	293	88
facedb/750514492/1490231129731601953_stereo_right_camera_8.png	750514492	576	293	88
facedb/750514492/1490231129822053909_stereo_right_camera_9.png	750514492	576	293	88
