facedb/782882029/1491069259700511932_stereo_right_camera_0.png	782882029	579	389	218
facedb/782882029/1491069259915937900_stereo_right_camera_1.png	782882029	579	389	218
facedb/782882029/1491069260074213027_stereo_right_camera_2.png	782882029	579	389	218
facedb/782882029/1491069260140677928_stereo_right_camera_3.png	782882029	579	389	218
facedb/782882029/1491069260367254972_stereo_right_camera_4.png	782882029	579	389	218
facedb/782882029/1491069260417046070_stereo_right_camera_5.png	782882029	579	389	218
facedb/782882029/1491069260563218116_stereo_right_camera_6.png	782882029	579	389	218
facedb/782882029/1491069260732755899_stereo_right_camera_7.png	782882029	579	389	218
facedb/782882029/1491069260908324956_stereo_right_camera_8.png	782882029	579	389	218
facedb/782882029/1491069260993777990_stereo_right_camera_9.png	782882029	579	389	218
