facedb/1272676479/1493485197754365921_stereo_right_camera_0.png	1272676479	555	371	245
facedb/1272676479/1493485197861717939_stereo_right_camera_1.png	1272676479	555	371	245
facedb/1272676479/1493485198266613006_stereo_right_camera_2.png	1272676479	555	371	245
facedb/1272676479/1493485198434817075_stereo_right_camera_3.png	1272676479	555	371	245
facedb/1272676479/1493485198541424036_stereo_right_camera_4.png	1272676479	555	371	245
facedb/1272676479/1493485198795948028_stereo_right_camera_5.png	1272676479	555	371	245
facedb/1272676479/1493485198922714948_stereo_right_camera_6.png	1272676479	555	371	245
facedb/1272676479/1493485199082062959_stereo_right_camera_7.png	1272676479	555	371	245
facedb/1272676479/1493485199187702894_stereo_right_camera_8.png	1272676479	555	371	245
facedb/1272676479/1493485199381376028_stereo_right_camera_9.png	1272676479	555	371	245
