facedb/1669809647/1490829825680146932_stereo_left_camera_0.png	1669809647	551	404	208
facedb/1669809647/1490829825804512023_stereo_left_camera_1.png	1669809647	551	404	208
facedb/1669809647/1490829825888175964_stereo_left_camera_2.png	1669809647	551	404	208
facedb/1669809647/1490829825971240043_stereo_left_camera_3.png	1669809647	551	404	208
facedb/1669809647/1490829826079636096_stereo_left_camera_4.png	1669809647	551	404	208
facedb/1669809647/1490829826186832904_stereo_left_camera_5.png	1669809647	551	404	208
facedb/1669809647/1490829826297410964_stereo_left_camera_6.png	1669809647	551	404	208
facedb/1669809647/1490829826411046028_stereo_left_camera_7.png	1669809647	551	404	208
facedb/1669809647/1490829826540513992_stereo_left_camera_8.png	1669809647	551	404	208
facedb/1669809647/1490829826649646997_stereo_left_camera_9.png	1669809647	551	404	208
