facedb/1474935575/1523817221493423938_stereo_right_camera_0.png	1474935575	490	291	189
facedb/1474935575/1523817221631865024_stereo_right_camera_1.png	1474935575	490	291	189
facedb/1474935575/1523817221864145040_stereo_right_camera_2.png	1474935575	490	291	189
facedb/1474935575/1523817222754702091_stereo_right_camera_3.png	1474935575	490	291	189
facedb/1474935575/1523817222977684020_stereo_right_camera_4.png	1474935575	490	291	189
facedb/1474935575/1523817223224915027_stereo_right_camera_5.png	1474935575	490	291	189
facedb/1474935575/1523817223598884105_stereo_right_camera_6.png	1474935575	490	291	189
facedb/1474935575/1523817224411566019_stereo_right_camera_7.png	1474935575	490	291	189
facedb/1474935575/1523817224802720069_stereo_right_camera_8.png	1474935575	490	291	189
facedb/1474935575/1523817225048284053_stereo_right_camera_9.png	1474935575	490	291	189
