facedb/329249962/1493484609804706096_stereo_left_camera_0.png	329249962	580	396	289
facedb/329249962/1493484609979121923_stereo_left_camera_1.png	329249962	580	396	289
facedb/329249962/1493484610066575050_stereo_left_camera_2.png	329249962	580	396	289
facedb/329249962/1493484610352359056_stereo_left_camera_3.png	329249962	580	396	289
facedb/329249962/1493484610538779973_stereo_left_camera_4.png	329249962	580	396	289
facedb/329249962/1493484610719388008_stereo_left_camera_5.png	329249962	580	396	289
facedb/329249962/1493484610879569053_stereo_left_camera_6.png	329249962	580	396	289
facedb/329249962/1493484610979859113_stereo_left_camera_7.png	329249962	580	396	289
facedb/329249962/1493484611074976921_stereo_left_camera_8.png	329249962	580	396	289
facedb/329249962/1493484611282423019_stereo_left_camera_9.png	329249962	580	396	289
