facedb/462415914/1491061412254247903_stereo_right_camera_0.png	462415914	360	203	106
facedb/462415914/1491061412359311103_stereo_right_camera_1.png	462415914	360	203	106
facedb/462415914/1491061412427597045_stereo_right_camera_2.png	462415914	360	203	106
facedb/462415914/1491061412524568080_stereo_right_camera_3.png	462415914	360	203	106
facedb/462415914/1491061412629971981_stereo_right_camera_4.png	462415914	360	203	106
facedb/462415914/1491061412873774051_stereo_right_camera_5.png	462415914	360	203	106
facedb/462415914/1491061412954580068_stereo_right_camera_6.png	462415914	360	203	106
facedb/462415914/1491061413024432897_stereo_right_camera_7.png	462415914	360	203	106
facedb/462415914/1491061413164138078_stereo_right_camera_8.png	462415914	360	203	106
facedb/462415914/1491061413503174066_stereo_right_camera_9.png	462415914	360	203	106
