facedb/182587741/1495066725339060068_stereo_right_camera_0.png	182587741	375	267	159
facedb/182587741/1495066725574561119_stereo_right_camera_1.png	182587741	375	267	159
facedb/182587741/1495066725679800033_stereo_right_camera_2.png	182587741	375	267	159
facedb/182587741/1495066726093791961_stereo_right_camera_3.png	182587741	375	267	159
facedb/182587741/1495066726414339065_stereo_right_camera_4.png	182587741	375	267	159
facedb/182587741/1495066726606951951_stereo_right_camera_5.png	182587741	375	267	159
facedb/182587741/1495066726796216964_stereo_right_camera_6.png	182587741	375	267	159
facedb/182587741/1495066726910578012_stereo_right_camera_7.png	182587741	375	267	159
facedb/182587741/1495066727009892940_stereo_right_camera_8.png	182587741	375	267	159
facedb/182587741/1495066727238276004_stereo_right_camera_9.png	182587741	375	267	159
