facedb/727782061/1523813896587297916_stereo_right_camera_0.png	727782061	596	418	304
facedb/727782061/1523813896819078922_stereo_right_camera_1.png	727782061	596	418	304
facedb/727782061/1523813897041857957_stereo_right_camera_2.png	727782061	596	418	304
facedb/727782061/1523813897422161102_stereo_right_camera_3.png	727782061	596	418	304
facedb/727782061/1523813897663260936_stereo_right_camera_4.png	727782061	596	418	304
facedb/727782061/1523813897928750038_stereo_right_camera_5.png	727782061	596	418	304
facedb/727782061/1523813898193963050_stereo_right_camera_6.png	727782061	596	418	304
facedb/727782061/1523813898477762937_stereo_right_camera_7.png	727782061	596	418	304
facedb/727782061/1523813898745789051_stereo_right_camera_8.png	727782061	596	418	304
facedb/727782061/1523813899036669015_stereo_right_camera_9.png	727782061	596	418	304
