facedb/1457310514/1491062129492089033_stereo_right_camera_0.png	1457310514	558	322	176
facedb/1457310514/1491062130431574106_stereo_right_camera_1.png	1457310514	558	322	176
facedb/1457310514/1491062130570851087_stereo_right_camera_2.png	1457310514	558	322	176
facedb/1457310514/1491062130687824964_stereo_right_camera_3.png	1457310514	558	322	176
facedb/1457310514/1491062130891561031_stereo_right_camera_4.png	1457310514	558	322	176
facedb/1457310514/1491062131120393037_stereo_right_camera_5.png	1457310514	558	322	176
facedb/1457310514/1491062131220016002_stereo_right_camera_6.png	1457310514	558	322	176
facedb/1457310514/1491062131327024936_stereo_right_camera_7.png	1457310514	558	322	176
facedb/1457310514/1491062131457017898_stereo_right_camera_8.png	1457310514	558	322	176
facedb/1457310514/1491062131552529096_stereo_right_camera_9.png	1457310514	558	322	176
