facedb/165392441/1491079563727792978_stereo_right_camera_0.png	165392441	543	197	57
facedb/165392441/1491079564070872068_stereo_right_camera_1.png	165392441	543	197	57
facedb/165392441/1491079565000284910_stereo_right_camera_2.png	165392441	543	197	57
facedb/165392441/1491079565293351888_stereo_right_camera_3.png	165392441	543	197	57
facedb/165392441/1491079565677872896_stereo_right_camera_4.png	165392441	543	197	57
facedb/165392441/1491079565788031101_stereo_right_camera_5.png	165392441	543	197	57
facedb/165392441/1491079565919543981_stereo_right_camera_6.png	165392441	543	197	57
facedb/165392441/1491079566130439043_stereo_right_camera_7.png	165392441	543	197	57
facedb/165392441/1491079566521234035_stereo_right_camera_8.png	165392441	543	197	57
facedb/165392441/1491079566715327978_stereo_right_camera_9.png	165392441	543	197	57
