facedb/1269039069/1490232938223673105_stereo_right_camera_0.png	1269039069	358	196	107
facedb/1269039069/1490232938414293050_stereo_right_camera_1.png	1269039069	358	196	107
facedb/1269039069/1490232938502840995_stereo_right_camera_2.png	1269039069	358	196	107
facedb/1269039069/1490232939187880039_stereo_right_camera_3.png	1269039069	358	196	107
facedb/1269039069/1490232939694881916_stereo_right_camera_4.png	1269039069	358	196	107
facedb/1269039069/1490232940366461992_stereo_right_camera_5.png	1269039069	358	196	107
facedb/1269039069/1490232940494414091_stereo_right_camera_6.png	1269039069	358	196	107
facedb/1269039069/1490232940575047969_stereo_right_camera_7.png	1269039069	358	196	107
facedb/1269039069/1490232940887711048_stereo_right_camera_8.png	1269039069	358	196	107
facedb/1269039069/1490232941049679040_stereo_right_camera_9.png	1269039069	358	196	107
