facedb/1393636268/1490466502012886047_stereo_right_camera_0.png	1393636268	525	335	242
facedb/1393636268/1490466502189448118_stereo_right_camera_1.png	1393636268	525	335	242
facedb/1393636268/1490466502327533960_stereo_right_camera_2.png	1393636268	525	335	242
facedb/1393636268/1490466502551894903_stereo_right_camera_3.png	1393636268	525	335	242
facedb/1393636268/1490466502664330959_stereo_right_camera_4.png	1393636268	525	335	242
facedb/1393636268/1490466502758483886_stereo_right_camera_5.png	1393636268	525	335	242
facedb/1393636268/1490466502873856067_stereo_right_camera_6.png	1393636268	525	335	242
facedb/1393636268/1490466502973526954_stereo_right_camera_7.png	1393636268	525	335	242
facedb/1393636268/1490466503094475984_stereo_right_camera_8.png	1393636268	525	335	242
facedb/1393636268/1490466503186306953_stereo_right_camera_9.png	1393636268	525	335	242
