facedb/1359518124/1498231593423775911_stereo_right_camera_0.png	1359518124	534	378	286
facedb/1359518124/1498231593609323024_stereo_right_camera_1.png	1359518124	534	378	286
facedb/1359518124/1498231594191911935_stereo_right_camera_2.png	1359518124	534	378	286
facedb/1359518124/1498231594388717889_stereo_right_camera_3.png	1359518124	534	378	286
facedb/1359518124/1498231594604294061_stereo_right_camera_4.png	1359518124	534	378	286
facedb/1359518124/1498231594845186948_stereo_right_camera_5.png	1359518124	534	378	286
facedb/1359518124/1498231595056081056_stereo_right_camera_6.png	1359518124	534	378	286
facedb/1359518124/1498231595349594116_stereo_right_camera_7.png	1359518124	534	378	286
facedb/1359518124/1498231595557888031_stereo_right_camera_8.png	1359518124	534	378	286
facedb/1359518124/1498231595748184919_stereo_right_camera_9.png	1359518124	534	378	286
