facedb/988082912/1501629283110419034_stereo_right_camera_0.png	988082912	756	591	455
facedb/988082912/1501629283308156967_stereo_right_camera_1.png	988082912	756	591	455
facedb/988082912/1501629283535171985_stereo_right_camera_2.png	988082912	756	591	455
facedb/988082912/1501629283656243085_stereo_right_camera_3.png	988082912	756	591	455
facedb/988082912/1501629283971921920_stereo_right_camera_4.png	988082912	756	591	455
facedb/988082912/1501629284175242900_stereo_right_camera_5.png	988082912	756	591	455
facedb/988082912/1501629284318744897_stereo_right_camera_6.png	988082912	756	591	455
facedb/988082912/1501629284511471986_stereo_right_camera_7.png	988082912	756	591	455
facedb/988082912/1501629284891927957_stereo_right_camera_8.png	988082912	756	591	455
facedb/988082912/1501629285088572025_stereo_right_camera_9.png	988082912	756	591	455
