facedb/1643931967/1495064402162803888_stereo_right_camera_0.png	1643931967	439	259	138
facedb/1643931967/1495064402379530906_stereo_right_camera_1.png	1643931967	439	259	138
facedb/1643931967/1495064402590308904_stereo_right_camera_2.png	1643931967	439	259	138
facedb/1643931967/1495064402705306053_stereo_right_camera_3.png	1643931967	439	259	138
facedb/1643931967/1495064402922099113_stereo_right_camera_4.png	1643931967	439	259	138
facedb/1643931967/1495064403134089946_stereo_right_camera_5.png	1643931967	439	259	138
facedb/1643931967/1495064403239830017_stereo_right_camera_6.png	1643931967	439	259	138
facedb/1643931967/1495064403553883075_stereo_right_camera_7.png	1643931967	439	259	138
facedb/1643931967/1495064403756366014_stereo_right_camera_8.png	1643931967	439	259	138
facedb/1643931967/1495064403893201112_stereo_right_camera_9.png	1643931967	439	259	138
