facedb/51492479/1521912348772152900_stereo_right_camera_0.png	51492479	577	298	61
facedb/51492479/1521912349220130920_stereo_right_camera_1.png	51492479	577	298	61
facedb/51492479/1521912349489543914_stereo_right_camera_2.png	51492479	577	298	61
facedb/51492479/1521912349800262928_stereo_right_camera_3.png	51492479	577	298	61
facedb/51492479/1521912350031486988_stereo_right_camera_4.png	51492479	577	298	61
facedb/51492479/1521912350357302904_stereo_right_camera_5.png	51492479	577	298	61
facedb/51492479/1521912350634532928_stereo_right_camera_6.png	51492479	577	298	61
facedb/51492479/1521912351633640050_stereo_right_camera_7.png	51492479	577	298	61
facedb/51492479/1521912351891798973_stereo_right_camera_8.png	51492479	577	298	61
facedb/51492479/1521912352240293979_stereo_right_camera_9.png	51492479	577	298	61
