facedb/425110486/1491086122507113933_stereo_right_camera_0.png	425110486	501	264	61
facedb/425110486/1491086122626869916_stereo_right_camera_1.png	425110486	501	264	61
facedb/425110486/1491086122870883941_stereo_right_camera_2.png	425110486	501	264	61
facedb/425110486/1491086123004968881_stereo_right_camera_3.png	425110486	501	264	61
facedb/425110486/1491086123230310916_stereo_right_camera_4.png	425110486	501	264	61
facedb/425110486/1491086123365086078_stereo_right_camera_5.png	425110486	501	264	61
facedb/425110486/1491086123726849079_stereo_right_camera_6.png	425110486	501	264	61
facedb/425110486/1491086124154325008_stereo_right_camera_7.png	425110486	501	264	61
facedb/425110486/1491086124787348985_stereo_right_camera_8.png	425110486	501	264	61
facedb/425110486/1491086124938076019_stereo_right_camera_9.png	425110486	501	264	61
