facedb/1837544375/1497729402379329919_stereo_right_camera_0.png	1837544375	337	251	180
facedb/1837544375/1497729402606097936_stereo_right_camera_1.png	1837544375	337	251	180
facedb/1837544375/1497729402803179025_stereo_right_camera_2.png	1837544375	337	251	180
facedb/1837544375/1497729403101917028_stereo_right_camera_3.png	1837544375	337	251	180
facedb/1837544375/1497729403282360076_stereo_right_camera_4.png	1837544375	337	251	180
facedb/1837544375/1497729403546858072_stereo_right_camera_5.png	1837544375	337	251	180
facedb/1837544375/1497729404007926940_stereo_right_camera_6.png	1837544375	337	251	180
facedb/1837544375/1497729404632899045_stereo_right_camera_7.png	1837544375	337	251	180
facedb/1837544375/1497729404815243005_stereo_right_camera_8.png	1837544375	337	251	180
facedb/1837544375/1497729405136009931_stereo_right_camera_9.png	1837544375	337	251	180
