facedb/986090590/1487207553538532018_stereo_right_camera_0.png	986090590	635	350	170
facedb/986090590/1487207553689132928_stereo_right_camera_1.png	986090590	635	350	170
facedb/986090590/1487207553791666030_stereo_right_camera_2.png	986090590	635	350	170
facedb/986090590/1487207553877403974_stereo_right_camera_3.png	986090590	635	350	170
facedb/986090590/1487207553967273950_stereo_right_camera_4.png	986090590	635	350	170
facedb/986090590/1487207554048916101_stereo_right_camera_5.png	986090590	635	350	170
facedb/986090590/1487207554145191907_stereo_right_camera_6.png	986090590	635	350	170
facedb/986090590/1487207554245487928_stereo_right_camera_7.png	986090590	635	350	170
facedb/986090590/1487207554351624965_stereo_right_camera_8.png	986090590	635	350	170
facedb/986090590/1487207554454103946_stereo_right_camera_9.png	986090590	635	350	170
