facedb/411551121/1490830284993335962_stereo_right_camera_0.png	411551121	481	331	174
facedb/411551121/1490830285146122932_stereo_right_camera_1.png	411551121	481	331	174
facedb/411551121/1490830286018584966_stereo_right_camera_2.png	411551121	481	331	174
facedb/411551121/1490830286115818023_stereo_right_camera_3.png	411551121	481	331	174
facedb/411551121/1490830286281486988_stereo_right_camera_4.png	411551121	481	331	174
facedb/411551121/1490830286393361091_stereo_right_camera_5.png	411551121	481	331	174
facedb/411551121/1490830286471826076_stereo_right_camera_6.png	411551121	481	331	174
facedb/411551121/1490830286655333995_stereo_right_camera_7.png	411551121	481	331	174
facedb/411551121/1490830286741765975_stereo_right_camera_8.png	411551121	481	331	174
facedb/411551121/1490830286850729942_stereo_right_camera_9.png	411551121	481	331	174
