facedb/1362515187/1523818975337346076_stereo_right_camera_0.png	1362515187	384	252	123
facedb/1362515187/1523818975486494064_stereo_right_camera_1.png	1362515187	384	252	123
facedb/1362515187/1523818975922810077_stereo_right_camera_2.png	1362515187	384	252	123
facedb/1362515187/1523818976181459903_stereo_right_camera_3.png	1362515187	384	252	123
facedb/1362515187/1523818976890830993_stereo_right_camera_4.png	1362515187	384	252	123
facedb/1362515187/1523818977141968965_stereo_right_camera_5.png	1362515187	384	252	123
facedb/1362515187/1523818977505137920_stereo_right_camera_6.png	1362515187	384	252	123
facedb/1362515187/1523818977798557996_stereo_right_camera_7.png	1362515187	384	252	123
facedb/1362515187/1523818977939527034_stereo_right_camera_8.png	1362515187	384	252	123
facedb/1362515187/1523818978621759891_stereo_right_camera_9.png	1362515187	384	252	123
