facedb/1374842198/1495666019925488948_stereo_right_camera_0.png	1374842198	455	331	182
facedb/1374842198/1495666020016232967_stereo_right_camera_1.png	1374842198	455	331	182
facedb/1374842198/1495666020196079969_stereo_right_camera_2.png	1374842198	455	331	182
facedb/1374842198/1495666020362351894_stereo_right_camera_3.png	1374842198	455	331	182
facedb/1374842198/1495666020527981042_stereo_right_camera_4.png	1374842198	455	331	182
facedb/1374842198/1495666020691440105_stereo_right_camera_5.png	1374842198	455	331	182
facedb/1374842198/1495666020857331991_stereo_right_camera_6.png	1374842198	455	331	182
facedb/1374842198/1495666021058831930_stereo_right_camera_7.png	1374842198	455	331	182
facedb/1374842198/1495666021221792936_stereo_right_camera_8.png	1374842198	455	331	182
facedb/1374842198/1495666021374631881_stereo_right_camera_9.png	1374842198	455	331	182
