facedb/219549765/1493486252198503017_stereo_right_camera_0.png	219549765	344	202	103
facedb/219549765/1493486252289640903_stereo_right_camera_1.png	219549765	344	202	103
facedb/219549765/1493486253088633060_stereo_right_camera_2.png	219549765	344	202	103
facedb/219549765/1493486253190608024_stereo_right_camera_3.png	219549765	344	202	103
facedb/219549765/1493486253365323066_stereo_right_camera_4.png	219549765	344	202	103
facedb/219549765/1493486253674407005_stereo_right_camera_5.png	219549765	344	202	103
facedb/219549765/1493486253852763891_stereo_right_camera_6.png	219549765	344	202	103
facedb/219549765/1493486253957241058_stereo_right_camera_7.png	219549765	344	202	103
facedb/219549765/1493486254139033079_stereo_right_camera_8.png	219549765	344	202	103
facedb/219549765/1493486254335421085_stereo_right_camera_9.png	219549765	344	202	103
