facedb/1352829391/1521909344530177116_stereo_right_camera_0.png	1352829391	403	295	182
facedb/1352829391/1521909344840226888_stereo_right_camera_1.png	1352829391	403	295	182
facedb/1352829391/1521909345369857072_stereo_right_camera_2.png	1352829391	403	295	182
facedb/1352829391/1521909345544192075_stereo_right_camera_3.png	1352829391	403	295	182
facedb/1352829391/1521909345925851106_stereo_right_camera_4.png	1352829391	403	295	182
facedb/1352829391/1521909346602852106_stereo_right_camera_5.png	1352829391	403	295	182
facedb/1352829391/1521909346764695882_stereo_right_camera_6.png	1352829391	403	295	182
facedb/1352829391/1521909347048769950_stereo_right_camera_7.png	1352829391	403	295	182
facedb/1352829391/1521909347301951885_stereo_right_camera_8.png	1352829391	403	295	182
facedb/1352829391/1521909347678934097_stereo_right_camera_9.png	1352829391	403	295	182
