facedb/436455689/1508512769635325908_stereo_right_camera_0.png	436455689	566	353	217
facedb/436455689/1508512770133761882_stereo_right_camera_1.png	436455689	566	353	217
facedb/436455689/1508512770467082977_stereo_right_camera_2.png	436455689	566	353	217
facedb/436455689/1508512770767121076_stereo_right_camera_3.png	436455689	566	353	217
facedb/436455689/1508512771096883058_stereo_right_camera_4.png	436455689	566	353	217
facedb/436455689/1508512771320341110_stereo_right_camera_5.png	436455689	566	353	217
facedb/436455689/1508512771434597015_stereo_right_camera_6.png	436455689	566	353	217
facedb/436455689/1508512772242733001_stereo_right_camera_7.png	436455689	566	353	217
facedb/436455689/1508512772418303966_stereo_right_camera_8.png	436455689	566	353	217
facedb/436455689/1508512773168539047_stereo_right_camera_9.png	436455689	566	353	217
