facedb/1894702989/1491077293730170965_stereo_right_camera_0.png	1894702989	533	325	182
facedb/1894702989/1491077293888701915_stereo_right_camera_1.png	1894702989	533	325	182
facedb/1894702989/1491077294059577941_stereo_right_camera_2.png	1894702989	533	325	182
facedb/1894702989/1491077294222532987_stereo_right_camera_3.png	1894702989	533	325	182
facedb/1894702989/1491077294425347089_stereo_right_camera_4.png	1894702989	533	325	182
facedb/1894702989/1491077294541146039_stereo_right_camera_5.png	1894702989	533	325	182
facedb/1894702989/1491077294918009042_stereo_right_camera_6.png	1894702989	533	325	182
facedb/1894702989/1491077295103817939_stereo_right_camera_7.png	1894702989	533	325	182
facedb/1894702989/1491077295195046901_stereo_right_camera_8.png	1894702989	533	325	182
facedb/1894702989/1491077295459817886_stereo_right_camera_9.png	1894702989	533	325	182
