facedb/1931506843/1491074373116895914_stereo_right_camera_0.png	1931506843	394	223	122
facedb/1931506843/1491074373296314954_stereo_right_camera_1.png	1931506843	394	223	122
facedb/1931506843/1491074373425441026_stereo_right_camera_2.png	1931506843	394	223	122
facedb/1931506843/1491074373664488077_stereo_right_camera_3.png	1931506843	394	223	122
facedb/1931506843/1491074373875586986_stereo_right_camera_4.png	1931506843	394	223	122
facedb/1931506843/1491074373971122980_stereo_right_camera_5.png	1931506843	394	223	122
facedb/1931506843/1491074374128175973_stereo_right_camera_6.png	1931506843	394	223	122
facedb/1931506843/1491074374216511964_stereo_right_camera_7.png	1931506843	394	223	122
facedb/1931506843/1491074374714338064_stereo_right_camera_8.png	1931506843	394	223	122
facedb/1931506843/1491074374809299945_stereo_right_camera_9.png	1931506843	394	223	122
