facedb/1792256756/1495666060523875951_stereo_right_camera_0.png	1792256756	485	325	186
facedb/1792256756/1495666060733954906_stereo_right_camera_1.png	1792256756	485	325	186
facedb/1792256756/1495666061055413961_stereo_right_camera_2.png	1792256756	485	325	186
facedb/1792256756/1495666061169197082_stereo_right_camera_3.png	1792256756	485	325	186
facedb/1792256756/1495666061434533119_stereo_right_camera_4.png	1792256756	485	325	186
facedb/1792256756/1495666061633702039_stereo_right_camera_5.png	1792256756	485	325	186
facedb/1792256756/1495666061893085002_stereo_right_camera_6.png	1792256756	485	325	186
facedb/1792256756/1495666062006449937_stereo_right_camera_7.png	1792256756	485	325	186
facedb/1792256756/1495666062202260971_stereo_right_camera_8.png	1792256756	485	325	186
facedb/1792256756/1495666062437486886_stereo_right_camera_9.png	1792256756	485	325	186
