facedb/1483119350/1495062544243140935_stereo_right_camera_0.png	1483119350	498	292	177
facedb/1483119350/1495062544333273887_stereo_right_camera_1.png	1483119350	498	292	177
facedb/1483119350/1495062544544461965_stereo_right_camera_2.png	1483119350	498	292	177
facedb/1483119350/1495062544644464969_stereo_right_camera_3.png	1483119350	498	292	177
facedb/1483119350/1495062544849453926_stereo_right_camera_4.png	1483119350	498	292	177
facedb/1483119350/1495062545042943954_stereo_right_camera_5.png	1483119350	498	292	177
facedb/1483119350/1495062545228451967_stereo_right_camera_6.png	1483119350	498	292	177
facedb/1483119350/1495062545509012937_stereo_right_camera_7.png	1483119350	498	292	177
facedb/1483119350/1495062545698798894_stereo_right_camera_8.png	1483119350	498	292	177
facedb/1483119350/1495062545881918907_stereo_right_camera_9.png	1483119350	498	292	177
