facedb/1686692081/1490231771246884107_stereo_right_camera_0.png	1686692081	458	281	184
facedb/1686692081/1490231771315876960_stereo_right_camera_1.png	1686692081	458	281	184
facedb/1686692081/1490231771412739038_stereo_right_camera_2.png	1686692081	458	281	184
facedb/1686692081/1490231771536920070_stereo_right_camera_3.png	1686692081	458	281	184
facedb/1686692081/1490231771639945983_stereo_right_camera_4.png	1686692081	458	281	184
facedb/1686692081/1490231771902936935_stereo_right_camera_5.png	1686692081	458	281	184
facedb/1686692081/1490231772001930952_stereo_right_camera_6.png	1686692081	458	281	184
facedb/1686692081/1490231772085899114_stereo_right_camera_7.png	1686692081	458	281	184
facedb/1686692081/1490231772177524089_stereo_right_camera_8.png	1686692081	458	281	184
facedb/1686692081/1490231772244723081_stereo_right_camera_9.png	1686692081	458	281	184
