facedb/174085415/1491053368337364912_stereo_right_camera_0.png	174085415	643	462	286
facedb/174085415/1491053368817929029_stereo_right_camera_1.png	174085415	643	462	286
facedb/174085415/1491053368926105022_stereo_right_camera_2.png	174085415	643	462	286
facedb/174085415/1491053369052602052_stereo_right_camera_3.png	174085415	643	462	286
facedb/174085415/1491053369144097089_stereo_right_camera_4.png	174085415	643	462	286
facedb/174085415/1491053369235665082_stereo_right_camera_5.png	174085415	643	462	286
facedb/174085415/1491053369354150056_stereo_right_camera_6.png	174085415	643	462	286
facedb/174085415/1491053369450675964_stereo_right_camera_7.png	174085415	643	462	286
facedb/174085415/1491053369557090997_stereo_right_camera_8.png	174085415	643	462	286
facedb/174085415/1491053369668842077_stereo_right_camera_9.png	174085415	643	462	286
