facedb/584011558/1495579632354434013_stereo_right_camera_0.png	584011558	533	331	208
facedb/584011558/1495579632524629116_stereo_right_camera_1.png	584011558	533	331	208
facedb/584011558/1495579632745701074_stereo_right_camera_2.png	584011558	533	331	208
facedb/584011558/1495579632906178951_stereo_right_camera_3.png	584011558	533	331	208
facedb/584011558/1495579633243571043_stereo_right_camera_4.png	584011558	533	331	208
facedb/584011558/1495579633418268918_stereo_right_camera_5.png	584011558	533	331	208
facedb/584011558/1495579633562844038_stereo_right_camera_6.png	584011558	533	331	208
facedb/584011558/1495579633816860914_stereo_right_camera_7.png	584011558	533	331	208
facedb/584011558/1495579633982455015_stereo_right_camera_8.png	584011558	533	331	208
facedb/584011558/1495579634129357099_stereo_right_camera_9.png	584011558	533	331	208
