facedb/439669580/1491073890733603000_stereo_right_camera_0.png	439669580	491	334	211
facedb/439669580/1491073891003142118_stereo_right_camera_1.png	439669580	491	334	211
facedb/439669580/1491073891201968908_stereo_right_camera_2.png	439669580	491	334	211
facedb/439669580/1491073891280822038_stereo_right_camera_3.png	439669580	491	334	211
facedb/439669580/1491073891446511030_stereo_right_camera_4.png	439669580	491	334	211
facedb/439669580/1491073891603663921_stereo_right_camera_5.png	439669580	491	334	211
facedb/439669580/1491073891753535985_stereo_right_camera_6.png	439669580	491	334	211
facedb/439669580/1491073892679239988_stereo_right_camera_7.png	439669580	491	334	211
facedb/439669580/1491073892810384035_stereo_right_camera_8.png	439669580	491	334	211
facedb/439669580/1491073892963186979_stereo_right_camera_9.png	439669580	491	334	211
