facedb/1894736200/1490468362277693033_stereo_right_camera_0.png	1894736200	423	259	103
facedb/1894736200/1490468362369493007_stereo_right_camera_1.png	1894736200	423	259	103
facedb/1894736200/1490468362781341075_stereo_right_camera_2.png	1894736200	423	259	103
facedb/1894736200/1490468362913248062_stereo_right_camera_3.png	1894736200	423	259	103
facedb/1894736200/1490468363005914926_stereo_right_camera_4.png	1894736200	423	259	103
facedb/1894736200/1490468363101720094_stereo_right_camera_5.png	1894736200	423	259	103
facedb/1894736200/1490468363176311016_stereo_right_camera_6.png	1894736200	423	259	103
facedb/1894736200/1490468363265636920_stereo_right_camera_7.png	1894736200	423	259	103
facedb/1894736200/1490468363442605972_stereo_right_camera_8.png	1894736200	423	259	103
facedb/1894736200/1490468363555831909_stereo_right_camera_9.png	1894736200	423	259	103
