facedb/1469546865/1521903860258977890_stereo_right_camera_0.png	1469546865	510	383	240
facedb/1469546865/1521903860520107030_stereo_right_camera_1.png	1469546865	510	383	240
facedb/1469546865/1521903860774843931_stereo_right_camera_2.png	1469546865	510	383	240
facedb/1469546865/1521903860987816095_stereo_right_camera_3.png	1469546865	510	383	240
facedb/1469546865/1521903861194258928_stereo_right_camera_4.png	1469546865	510	383	240
facedb/1469546865/1521903861708743095_stereo_right_camera_5.png	1469546865	510	383	240
facedb/1469546865/1521903862100068092_stereo_right_camera_6.png	1469546865	510	383	240
facedb/1469546865/1521903862878221988_stereo_right_camera_7.png	1469546865	510	383	240
facedb/1469546865/1521903863162441015_stereo_right_camera_8.png	1469546865	510	383	240
facedb/1469546865/1521903863610934019_stereo_right_camera_9.png	1469546865	510	383	240
