facedb/849392180/1495668616453367948_stereo_right_camera_0.png	849392180	609	496	378
facedb/849392180/1495668616829305887_stereo_right_camera_1.png	849392180	609	496	378
facedb/849392180/1495668617074182033_stereo_right_camera_2.png	849392180	609	496	378
facedb/849392180/1495668617415422916_stereo_right_camera_3.png	849392180	609	496	378
facedb/849392180/1495668617675246000_stereo_right_camera_4.png	849392180	609	496	378
facedb/849392180/1495668618304219007_stereo_right_camera_5.png	849392180	609	496	378
facedb/849392180/1495668618499375104_stereo_right_camera_6.png	849392180	609	496	378
facedb/849392180/1495668618704368114_stereo_right_camera_7.png	849392180	609	496	378
facedb/849392180/1495668619086004018_stereo_right_camera_8.png	849392180	609	496	378
facedb/849392180/1495668619815124988_stereo_right_camera_9.png	849392180	609	496	378
