facedb/1640222623/1490469532302727937_stereo_right_camera_0.png	1640222623	493	277	137
facedb/1640222623/1490469532921803951_stereo_right_camera_1.png	1640222623	493	277	137
facedb/1640222623/1490469533008745908_stereo_right_camera_2.png	1640222623	493	277	137
facedb/1640222623/1490469533283039093_stereo_right_camera_3.png	1640222623	493	277	137
facedb/1640222623/1490469533379468917_stereo_right_camera_4.png	1640222623	493	277	137
facedb/1640222623/1490469533631033897_stereo_right_camera_5.png	1640222623	493	277	137
facedb/1640222623/1490469533755270004_stereo_right_camera_6.png	1640222623	493	277	137
facedb/1640222623/1490469533835867881_stereo_right_camera_7.png	1640222623	493	277	137
facedb/1640222623/1490469533956072092_stereo_right_camera_8.png	1640222623	493	277	137
facedb/1640222623/1490469534042583942_stereo_right_camera_9.png	1640222623	493	277	137
