facedb/860020548/1490231125782196044_stereo_right_camera_0.png	860020548	421	238	132
facedb/860020548/1490231125849020957_stereo_right_camera_1.png	860020548	421	238	132
facedb/860020548/1490231125995126008_stereo_right_camera_2.png	860020548	421	238	132
facedb/860020548/1490231126081922054_stereo_right_camera_3.png	860020548	421	238	132
facedb/860020548/1490231126162406921_stereo_right_camera_4.png	860020548	421	238	132
facedb/860020548/1490231126262367963_stereo_right_camera_5.png	860020548	421	238	132
facedb/860020548/1490231126343441963_stereo_right_camera_6.png	860020548	421	238	132
facedb/860020548/1490231126478622913_stereo_right_camera_7.png	860020548	421	238	132
facedb/860020548/1490231126556576013_stereo_right_camera_8.png	860020548	421	238	132
facedb/860020548/1490231126642328023_stereo_right_camera_9.png	860020548	421	238	132
