facedb/1550384065/1493484093343894004_stereo_left_camera_0.png	1550384065	503	390	297
facedb/1550384065/1493484093429212093_stereo_left_camera_1.png	1550384065	503	390	297
facedb/1550384065/1493484093620520114_stereo_left_camera_2.png	1550384065	503	390	297
facedb/1550384065/1493484093712678909_stereo_left_camera_3.png	1550384065	503	390	297
facedb/1550384065/1493484093990691900_stereo_left_camera_4.png	1550384065	503	390	297
facedb/1550384065/1493484094174163103_stereo_left_camera_5.png	1550384065	503	390	297
facedb/1550384065/1493484094274214982_stereo_left_camera_6.png	1550384065	503	390	297
facedb/1550384065/1493484094475552082_stereo_left_camera_7.png	1550384065	503	390	297
facedb/1550384065/1493484094588217020_stereo_left_camera_8.png	1550384065	503	390	297
facedb/1550384065/1493484094690886020_stereo_left_camera_9.png	1550384065	503	390	297
