facedb/1858921604/1497729290828629016_stereo_right_camera_0.png	1858921604	667	304	171
facedb/1858921604/1497729291056741952_stereo_right_camera_1.png	1858921604	667	304	171
facedb/1858921604/1497729291303369045_stereo_right_camera_2.png	1858921604	667	304	171
facedb/1858921604/1497729291685765027_stereo_right_camera_3.png	1858921604	667	304	171
facedb/1858921604/1497729291908607959_stereo_right_camera_4.png	1858921604	667	304	171
facedb/1858921604/1497729292133666992_stereo_right_camera_5.png	1858921604	667	304	171
facedb/1858921604/1497729292380759000_stereo_right_camera_6.png	1858921604	667	304	171
facedb/1858921604/1497729292621756076_stereo_right_camera_7.png	1858921604	667	304	171
facedb/1858921604/1497729292846853971_stereo_right_camera_8.png	1858921604	667	304	171
facedb/1858921604/1497729293225142955_stereo_right_camera_9.png	1858921604	667	304	171
