facedb/1711391627/1505671374511909961_stereo_right_camera_0.png	1711391627	533	396	298
facedb/1711391627/1505671374817055940_stereo_right_camera_1.png	1711391627	533	396	298
facedb/1711391627/1505671375050458908_stereo_right_camera_2.png	1711391627	533	396	298
facedb/1711391627/1505671375179811954_stereo_right_camera_3.png	1711391627	533	396	298
facedb/1711391627/1505671375543406963_stereo_right_camera_4.png	1711391627	533	396	298
facedb/1711391627/1505671375784651994_stereo_right_camera_5.png	1711391627	533	396	298
facedb/1711391627/1505671376030414104_stereo_right_camera_6.png	1711391627	533	396	298
facedb/1711391627/1505671376257179975_stereo_right_camera_7.png	1711391627	533	396	298
facedb/1711391627/1505671376483182907_stereo_right_camera_8.png	1711391627	533	396	298
facedb/1711391627/1505671376688383102_stereo_right_camera_9.png	1711391627	533	396	298
