facedb/436486603/1491062133292332887_stereo_right_camera_0.png	436486603	403	270	166
facedb/436486603/1491062133432373046_stereo_right_camera_1.png	436486603	403	270	166
facedb/436486603/1491062133592322111_stereo_right_camera_2.png	436486603	403	270	166
facedb/436486603/1491062133720379114_stereo_right_camera_3.png	436486603	403	270	166
facedb/436486603/1491062133818252086_stereo_right_camera_4.png	436486603	403	270	166
facedb/436486603/1491062134108791112_stereo_right_camera_5.png	436486603	403	270	166
facedb/436486603/1491062134226674079_stereo_right_camera_6.png	436486603	403	270	166
facedb/436486603/1491062134325748920_stereo_right_camera_7.png	436486603	403	270	166
facedb/436486603/1491062134438446044_stereo_right_camera_8.png	436486603	403	270	166
facedb/436486603/1491062134653095006_stereo_right_camera_9.png	436486603	403	270	166
