facedb/453768737/1495668643730549097_stereo_right_camera_0.png	453768737	569	439	288
facedb/453768737/1495668643937613964_stereo_right_camera_1.png	453768737	569	439	288
facedb/453768737/1495668644110285043_stereo_right_camera_2.png	453768737	569	439	288
facedb/453768737/1495668644373199939_stereo_right_camera_3.png	453768737	569	439	288
facedb/453768737/1495668644570666074_stereo_right_camera_4.png	453768737	569	439	288
facedb/453768737/1495668644771337032_stereo_right_camera_5.png	453768737	569	439	288
facedb/453768737/1495668644984004020_stereo_right_camera_6.png	453768737	569	439	288
facedb/453768737/1495668645154035091_stereo_right_camera_7.png	453768737	569	439	288
facedb/453768737/1495668645424484968_stereo_right_camera_8.png	453768737	569	439	288
facedb/453768737/1495668645626393079_stereo_right_camera_9.png	453768737	569	439	288
