facedb/677439913/1521907069136605024_stereo_right_camera_0.png	677439913	486	271	132
facedb/677439913/1521907069441947937_stereo_right_camera_1.png	677439913	486	271	132
facedb/677439913/1521907069771414041_stereo_right_camera_2.png	677439913	486	271	132
facedb/677439913/1521907069982841968_stereo_right_camera_3.png	677439913	486	271	132
facedb/677439913/1521907070084562063_stereo_right_camera_4.png	677439913	486	271	132
facedb/677439913/1521907070584996938_stereo_right_camera_5.png	677439913	486	271	132
facedb/677439913/1521907071106317996_stereo_right_camera_6.png	677439913	486	271	132
facedb/677439913/1521907071467890024_stereo_right_camera_7.png	677439913	486	271	132
facedb/677439913/1521907071675493001_stereo_right_camera_8.png	677439913	486	271	132
facedb/677439913/1521907071988454103_stereo_right_camera_9.png	677439913	486	271	132
