facedb/465930668/1508515380901772022_stereo_right_camera_0.png	465930668	608	341	208
facedb/465930668/1508515381127266883_stereo_right_camera_1.png	465930668	608	341	208
facedb/465930668/1508515381316878080_stereo_right_camera_2.png	465930668	608	341	208
facedb/465930668/1508515381830668926_stereo_right_camera_3.png	465930668	608	341	208
facedb/465930668/1508515382267246007_stereo_right_camera_4.png	465930668	608	341	208
facedb/465930668/1508515382568886041_stereo_right_camera_5.png	465930668	608	341	208
facedb/465930668/1508515382784033060_stereo_right_camera_6.png	465930668	608	341	208
facedb/465930668/1508515383235455036_stereo_right_camera_7.png	465930668	608	341	208
facedb/465930668/1508515383458621025_stereo_right_camera_8.png	465930668	608	341	208
facedb/465930668/1508515383661317110_stereo_right_camera_9.png	465930668	608	341	208
