facedb/1660199363/1497719773014550924_stereo_left_camera_0.png	1660199363	481	259	130
facedb/1660199363/1497719773145136117_stereo_left_camera_1.png	1660199363	481	259	130
facedb/1660199363/1497719773255064964_stereo_left_camera_2.png	1660199363	481	259	130
facedb/1660199363/1497719773443109035_stereo_left_camera_3.png	1660199363	481	259	130
facedb/1660199363/1497719773733761072_stereo_left_camera_4.png	1660199363	481	259	130
facedb/1660199363/1497719773936275959_stereo_left_camera_5.png	1660199363	481	259	130
facedb/1660199363/1497719774129383087_stereo_left_camera_6.png	1660199363	481	259	130
facedb/1660199363/1497719774413594007_stereo_left_camera_7.png	1660199363	481	259	130
facedb/1660199363/1497719774547211885_stereo_left_camera_8.png	1660199363	481	259	130
facedb/1660199363/1497719774740011930_stereo_left_camera_9.png	1660199363	481	259	130
