facedb/1784752190/1495066723238878965_stereo_right_camera_0.png	1784752190	400	273	196
facedb/1784752190/1495066723427185058_stereo_right_camera_1.png	1784752190	400	273	196
facedb/1784752190/1495066723535010099_stereo_right_camera_2.png	1784752190	400	273	196
facedb/1784752190/1495066723646243095_stereo_right_camera_3.png	1784752190	400	273	196
facedb/1784752190/1495066724063946962_stereo_right_camera_4.png	1784752190	400	273	196
facedb/1784752190/1495066724257508993_stereo_right_camera_5.png	1784752190	400	273	196
facedb/1784752190/1495066724352951049_stereo_right_camera_6.png	1784752190	400	273	196
facedb/1784752190/1495066724717653989_stereo_right_camera_7.png	1784752190	400	273	196
facedb/1784752190/1495066724804959058_stereo_right_camera_8.png	1784752190	400	273	196
facedb/1784752190/1495066725194489002_stereo_right_camera_9.png	1784752190	400	273	196
