facedb/662024188/1521905359732789039_stereo_right_camera_0.png	662024188	435	261	137
facedb/662024188/1521905359945971965_stereo_right_camera_1.png	662024188	435	261	137
facedb/662024188/1521905360156846046_stereo_right_camera_2.png	662024188	435	261	137
facedb/662024188/1521905360528959989_stereo_right_camera_3.png	662024188	435	261	137
facedb/662024188/1521905360801487922_stereo_right_camera_4.png	662024188	435	261	137
facedb/662024188/1521905360896653890_stereo_right_camera_5.png	662024188	435	261	137
facedb/662024188/1521905361398225069_stereo_right_camera_6.png	662024188	435	261	137
facedb/662024188/1521905361628303050_stereo_right_camera_7.png	662024188	435	261	137
facedb/662024188/1521905361886647939_stereo_right_camera_8.png	662024188	435	261	137
facedb/662024188/1521905362159348964_stereo_right_camera_9.png	662024188	435	261	137
