facedb/1455858633/1490231807620609045_stereo_right_camera_0.png	1455858633	602	403	276
facedb/1455858633/1490231807722537994_stereo_right_camera_1.png	1455858633	602	403	276
facedb/1455858633/1490231807836540937_stereo_right_camera_2.png	1455858633	602	403	276
facedb/1455858633/1490231807920166969_stereo_right_camera_3.png	1455858633	602	403	276
facedb/1455858633/1490231808017254114_stereo_right_camera_4.png	1455858633	602	403	276
facedb/1455858633/1490231808146670103_stereo_right_camera_5.png	1455858633	602	403	276
facedb/1455858633/1490231808238084077_stereo_right_camera_6.png	1455858633	602	403	276
facedb/1455858633/1490231808368177890_stereo_right_camera_7.png	1455858633	602	403	276
facedb/1455858633/1490231808641525983_stereo_right_camera_8.png	1455858633	602	403	276
facedb/1455858633/1490231808725292921_stereo_right_camera_9.png	1455858633	602	403	276
