facedb/1446475914/1491081750129365921_stereo_right_camera_0.png	1446475914	531	275	128
facedb/1446475914/1491081750278342008_stereo_right_camera_1.png	1446475914	531	275	128
facedb/1446475914/1491081750482436895_stereo_right_camera_2.png	1446475914	531	275	128
facedb/1446475914/1491081751028316020_stereo_right_camera_3.png	1446475914	531	275	128
facedb/1446475914/1491081751198412895_stereo_right_camera_4.png	1446475914	531	275	128
facedb/1446475914/1491081751285355091_stereo_right_camera_5.png	1446475914	531	275	128
facedb/1446475914/1491081751582562923_stereo_right_camera_6.png	1446475914	531	275	128
facedb/1446475914/1491081751745760917_stereo_right_camera_7.png	1446475914	531	275	128
facedb/1446475914/1491081751918406963_stereo_right_camera_8.png	1446475914	531	275	128
facedb/1446475914/1491081752004570960_stereo_right_camera_9.png	1446475914	531	275	128
