facedb/107713636/1521907964583110094_stereo_right_camera_0.png	107713636	409	259	169
facedb/107713636/1521907965052989959_stereo_right_camera_1.png	107713636	409	259	169
facedb/107713636/1521907965281893968_stereo_right_camera_2.png	107713636	409	259	169
facedb/107713636/1521907965587779998_stereo_right_camera_3.png	107713636	409	259	169
facedb/107713636/1521907965958731889_stereo_right_camera_4.png	107713636	409	259	169
facedb/107713636/1521907966064867973_stereo_right_camera_5.png	107713636	409	259	169
facedb/107713636/1521907966502566099_stereo_right_camera_6.png	107713636	409	259	169
facedb/107713636/1521907966774679899_stereo_right_camera_7.png	107713636	409	259	169
facedb/107713636/1521907967038708925_stereo_right_camera_8.png	107713636	409	259	169
facedb/107713636/1521907967136564970_stereo_right_camera_9.png	107713636	409	259	169
