facedb/1513726871/1490829826769236087_stereo_left_camera_0.png	1513726871	644	474	277
facedb/1513726871/1490829826899336099_stereo_left_camera_1.png	1513726871	644	474	277
facedb/1513726871/1490829827044759988_stereo_left_camera_2.png	1513726871	644	474	277
facedb/1513726871/1490829827173674106_stereo_left_camera_3.png	1513726871	644	474	277
facedb/1513726871/1490829827273703098_stereo_left_camera_4.png	1513726871	644	474	277
facedb/1513726871/1490829827358244895_stereo_left_camera_5.png	1513726871	644	474	277
facedb/1513726871/1490829827472423076_stereo_left_camera_6.png	1513726871	644	474	277
facedb/1513726871/1490829827586190938_stereo_left_camera_7.png	1513726871	644	474	277
facedb/1513726871/1490829827675077915_stereo_left_camera_8.png	1513726871	644	474	277
facedb/1513726871/1490829827782825946_stereo_left_camera_9.png	1513726871	644	474	277
