facedb/285045307/1491073887741676092_stereo_right_camera_0.png	285045307	429	283	187
facedb/285045307/1491073887988289117_stereo_right_camera_1.png	285045307	429	283	187
facedb/285045307/1491073888316205978_stereo_right_camera_2.png	285045307	429	283	187
facedb/285045307/1491073888762263059_stereo_right_camera_3.png	285045307	429	283	187
facedb/285045307/1491073888920689105_stereo_right_camera_4.png	285045307	429	283	187
facedb/285045307/1491073889165029048_stereo_right_camera_5.png	285045307	429	283	187
facedb/285045307/1491073889539191007_stereo_right_camera_6.png	285045307	429	283	187
facedb/285045307/1491073889748644113_stereo_right_camera_7.png	285045307	429	283	187
facedb/285045307/1491073889899296045_stereo_right_camera_8.png	285045307	429	283	187
facedb/285045307/1491073890384285926_stereo_right_camera_9.png	285045307	429	283	187
