facedb/1114510601/1495576748990068912_stereo_right_camera_0.png	1114510601	501	332	197
facedb/1114510601/1495576749123953104_stereo_right_camera_1.png	1114510601	501	332	197
facedb/1114510601/1495576749323983907_stereo_right_camera_2.png	1114510601	501	332	197
facedb/1114510601/1495576749509485960_stereo_right_camera_3.png	1114510601	501	332	197
facedb/1114510601/1495576749617270946_stereo_right_camera_4.png	1114510601	501	332	197
facedb/1114510601/1495576749840939998_stereo_right_camera_5.png	1114510601	501	332	197
facedb/1114510601/1495576750218127965_stereo_right_camera_6.png	1114510601	501	332	197
facedb/1114510601/1495576750417303085_stereo_right_camera_7.png	1114510601	501	332	197
facedb/1114510601/1495576750533787965_stereo_right_camera_8.png	1114510601	501	332	197
facedb/1114510601/1495576750728385925_stereo_right_camera_9.png	1114510601	501	332	197
