facedb/1803561697/1497720654010261058_stereo_right_camera_0.png	1803561697	469	293	201
facedb/1803561697/1497720654131985902_stereo_right_camera_1.png	1803561697	469	293	201
facedb/1803561697/1497720654333900928_stereo_right_camera_2.png	1803561697	469	293	201
facedb/1803561697/1497720654571970939_stereo_right_camera_3.png	1803561697	469	293	201
facedb/1803561697/1497720654800702095_stereo_right_camera_4.png	1803561697	469	293	201
facedb/1803561697/1497720655121124029_stereo_right_camera_5.png	1803561697	469	293	201
facedb/1803561697/1497720655403014898_stereo_right_camera_6.png	1803561697	469	293	201
facedb/1803561697/1497720655734560966_stereo_right_camera_7.png	1803561697	469	293	201
facedb/1803561697/1497720655974637985_stereo_right_camera_8.png	1803561697	469	293	201
facedb/1803561697/1497720656444993019_stereo_right_camera_9.png	1803561697	469	293	201
