facedb/1003790768/1491074444037408113_stereo_right_camera_0.png	1003790768	501	241	155
facedb/1003790768/1491074444519959926_stereo_right_camera_1.png	1003790768	501	241	155
facedb/1003790768/1491074444864998102_stereo_right_camera_2.png	1003790768	501	241	155
facedb/1003790768/1491074445034327983_stereo_right_camera_3.png	1003790768	501	241	155
facedb/1003790768/1491074445368021011_stereo_right_camera_4.png	1003790768	501	241	155
facedb/1003790768/1491074445547797918_stereo_right_camera_5.png	1003790768	501	241	155
facedb/1003790768/1491074445644180059_stereo_right_camera_6.png	1003790768	501	241	155
facedb/1003790768/1491074445871347904_stereo_right_camera_7.png	1003790768	501	241	155
facedb/1003790768/1491074446208620071_stereo_right_camera_8.png	1003790768	501	241	155
facedb/1003790768/1491074446430860042_stereo_right_camera_9.png	1003790768	501	241	155
