facedb/466188327/1490465971585803985_stereo_left_camera_0.png	466188327	591	309	121
facedb/466188327/1490465971683182954_stereo_left_camera_1.png	466188327	591	309	121
facedb/466188327/1490465971877031087_stereo_left_camera_2.png	466188327	591	309	121
facedb/466188327/1490465971960798025_stereo_left_camera_3.png	466188327	591	309	121
facedb/466188327/1490465972057626008_stereo_left_camera_4.png	466188327	591	309	121
facedb/466188327/1490465972160170078_stereo_left_camera_5.png	466188327	591	309	121
facedb/466188327/1490465972253556013_stereo_left_camera_6.png	466188327	591	309	121
facedb/466188327/1490465972500507116_stereo_left_camera_7.png	466188327	591	309	121
facedb/466188327/1490465972898247003_stereo_left_camera_8.png	466188327	591	309	121
facedb/466188327/1490465973243371963_stereo_left_camera_9.png	466188327	591	309	121
