facedb/1629882015/1490469690874300003_stereo_right_camera_0.png	1629882015	570	435	312
facedb/1629882015/1490469690989295005_stereo_right_camera_1.png	1629882015	570	435	312
facedb/1629882015/1490469691214920043_stereo_right_camera_2.png	1629882015	570	435	312
facedb/1629882015/1490469691387885093_stereo_right_camera_3.png	1629882015	570	435	312
facedb/1629882015/1490469691544977903_stereo_right_camera_4.png	1629882015	570	435	312
facedb/1629882015/1490469691653853893_stereo_right_camera_5.png	1629882015	570	435	312
facedb/1629882015/1490469691922344923_stereo_right_camera_6.png	1629882015	570	435	312
facedb/1629882015/1490469692140420913_stereo_right_camera_7.png	1629882015	570	435	312
facedb/1629882015/1490469692248320102_stereo_right_camera_8.png	1629882015	570	435	312
facedb/1629882015/1490469692519332885_stereo_right_camera_9.png	1629882015	570	435	312
