facedb/1721537779/1493484596233251094_stereo_right_camera_0.png	1721537779	613	323	154
facedb/1721537779/1493484596315634012_stereo_right_camera_1.png	1721537779	613	323	154
facedb/1721537779/1493484596558820962_stereo_right_camera_2.png	1721537779	613	323	154
facedb/1721537779/1493484596830404996_stereo_right_camera_3.png	1721537779	613	323	154
facedb/1721537779/1493484597022340059_stereo_right_camera_4.png	1721537779	613	323	154
facedb/1721537779/1493484597182765960_stereo_right_camera_5.png	1721537779	613	323	154
facedb/1721537779/1493484597948143959_stereo_right_camera_6.png	1721537779	613	323	154
facedb/1721537779/1493484598301317930_stereo_right_camera_7.png	1721537779	613	323	154
facedb/1721537779/1493484598386823892_stereo_right_camera_8.png	1721537779	613	323	154
facedb/1721537779/1493484598679241895_stereo_right_camera_9.png	1721537779	613	323	154
