facedb/902740116/1521906073643865108_stereo_right_camera_0.png	902740116	502	255	135
facedb/902740116/1521906074035918951_stereo_right_camera_1.png	902740116	502	255	135
facedb/902740116/1521906074349929094_stereo_right_camera_2.png	902740116	502	255	135
facedb/902740116/1521906074582647085_stereo_right_camera_3.png	902740116	502	255	135
facedb/902740116/1521906074859906911_stereo_right_camera_4.png	902740116	502	255	135
facedb/902740116/1521906075087884902_stereo_right_camera_5.png	902740116	502	255	135
facedb/902740116/1521906075425971984_stereo_right_camera_6.png	902740116	502	255	135
facedb/902740116/1521906075640252113_stereo_right_camera_7.png	902740116	502	255	135
facedb/902740116/1521906075974499940_stereo_right_camera_8.png	902740116	502	255	135
facedb/902740116/1521906076217813014_stereo_right_camera_9.png	902740116	502	255	135
