facedb/906362600/1501790917895538091_stereo_right_camera_0.png	906362600	342	214	139
facedb/906362600/1501790918186523914_stereo_right_camera_1.png	906362600	342	214	139
facedb/906362600/1501790918595923900_stereo_right_camera_2.png	906362600	342	214	139
facedb/906362600/1501790918783024072_stereo_right_camera_3.png	906362600	342	214	139
facedb/906362600/1501790919069725036_stereo_right_camera_4.png	906362600	342	214	139
facedb/906362600/1501790919581700086_stereo_right_camera_5.png	906362600	342	214	139
facedb/906362600/1501790919863919019_stereo_right_camera_6.png	906362600	342	214	139
facedb/906362600/1501790920286899089_stereo_right_camera_7.png	906362600	342	214	139
facedb/906362600/1501790920536962985_stereo_right_camera_8.png	906362600	342	214	139
facedb/906362600/1501790920708508014_stereo_right_camera_9.png	906362600	342	214	139
