facedb/531247098/1497720561557389020_stereo_right_camera_0.png	531247098	517	226	60
facedb/531247098/1497720561698076963_stereo_right_camera_1.png	531247098	517	226	60
facedb/531247098/1497720561983468055_stereo_right_camera_2.png	531247098	517	226	60
facedb/531247098/1497720562121681928_stereo_right_camera_3.png	531247098	517	226	60
facedb/531247098/1497720562413841009_stereo_right_camera_4.png	531247098	517	226	60
facedb/531247098/1497720562673943996_stereo_right_camera_5.png	531247098	517	226	60
facedb/531247098/1497720562807286977_stereo_right_camera_6.png	531247098	517	226	60
facedb/531247098/1497720563115324020_stereo_right_camera_7.png	531247098	517	226	60
facedb/531247098/1497720563256278991_stereo_right_camera_8.png	531247098	517	226	60
facedb/531247098/1497720563531301975_stereo_right_camera_9.png	531247098	517	226	60
