facedb/1031877212/1490466500876979112_stereo_right_camera_0.png	1031877212	448	297	205
facedb/1031877212/1490466500988168001_stereo_right_camera_1.png	1031877212	448	297	205
facedb/1031877212/1490466501208441019_stereo_right_camera_2.png	1031877212	448	297	205
facedb/1031877212/1490466501310913085_stereo_right_camera_3.png	1031877212	448	297	205
facedb/1031877212/1490466501416042089_stereo_right_camera_4.png	1031877212	448	297	205
facedb/1031877212/1490466501518815994_stereo_right_camera_5.png	1031877212	448	297	205
facedb/1031877212/1490466501616236925_stereo_right_camera_6.png	1031877212	448	297	205
facedb/1031877212/1490466501716000080_stereo_right_camera_7.png	1031877212	448	297	205
facedb/1031877212/1490466501816034078_stereo_right_camera_8.png	1031877212	448	297	205
facedb/1031877212/1490466501916249036_stereo_right_camera_9.png	1031877212	448	297	205
