facedb/1181959981/1491077287005881071_stereo_right_camera_0.png	1181959981	628	408	273
facedb/1181959981/1491077287218872070_stereo_right_camera_1.png	1181959981	628	408	273
facedb/1181959981/1491077287785703897_stereo_right_camera_2.png	1181959981	628	408	273
facedb/1181959981/1491077288049551010_stereo_right_camera_3.png	1181959981	628	408	273
facedb/1181959981/1491077288208646059_stereo_right_camera_4.png	1181959981	628	408	273
facedb/1181959981/1491077288387912034_stereo_right_camera_5.png	1181959981	628	408	273
facedb/1181959981/1491077288546689033_stereo_right_camera_6.png	1181959981	628	408	273
facedb/1181959981/1491077288717807054_stereo_right_camera_7.png	1181959981	628	408	273
facedb/1181959981/1491077288901050090_stereo_right_camera_8.png	1181959981	628	408	273
facedb/1181959981/1491077289065411090_stereo_right_camera_9.png	1181959981	628	408	273
