facedb/1698728870/1490829812602027893_stereo_left_camera_0.png	1698728870	665	475	342
facedb/1698728870/1490829812696134090_stereo_left_camera_1.png	1698728870	665	475	342
facedb/1698728870/1490829812791866064_stereo_left_camera_2.png	1698728870	665	475	342
facedb/1698728870/1490829812980531930_stereo_left_camera_3.png	1698728870	665	475	342
facedb/1698728870/1490829813083277940_stereo_left_camera_4.png	1698728870	665	475	342
facedb/1698728870/1490829813173377990_stereo_left_camera_5.png	1698728870	665	475	342
facedb/1698728870/1490829813287166118_stereo_left_camera_6.png	1698728870	665	475	342
facedb/1698728870/1490829813376549005_stereo_left_camera_7.png	1698728870	665	475	342
facedb/1698728870/1490829813484332084_stereo_left_camera_8.png	1698728870	665	475	342
facedb/1698728870/1490829813588388919_stereo_left_camera_9.png	1698728870	665	475	342
