facedb/1349918723/1490470388672765016_stereo_right_camera_0.png	1349918723	658	409	176
facedb/1349918723/1490470388854496002_stereo_right_camera_1.png	1349918723	658	409	176
facedb/1349918723/1490470389044842004_stereo_right_camera_2.png	1349918723	658	409	176
facedb/1349918723/1490470389246157884_stereo_right_camera_3.png	1349918723	658	409	176
facedb/1349918723/1490470389349474906_stereo_right_camera_4.png	1349918723	658	409	176
facedb/1349918723/1490470389451500892_stereo_right_camera_5.png	1349918723	658	409	176
facedb/1349918723/1490470389644253969_stereo_right_camera_6.png	1349918723	658	409	176
facedb/1349918723/1490470389741255044_stereo_right_camera_7.png	1349918723	658	409	176
facedb/1349918723/1490470389835063934_stereo_right_camera_8.png	1349918723	658	409	176
facedb/1349918723/1490470390027102947_stereo_right_camera_9.png	1349918723	658	409	176
