facedb/873011424/1493486473198652029_stereo_right_camera_0.png	873011424	524	278	125
facedb/873011424/1493486473326050043_stereo_right_camera_1.png	873011424	524	278	125
facedb/873011424/1493486473695492982_stereo_right_camera_2.png	873011424	524	278	125
facedb/873011424/1493486474023415088_stereo_right_camera_3.png	873011424	524	278	125
facedb/873011424/1493486474514167070_stereo_right_camera_4.png	873011424	524	278	125
facedb/873011424/1493486474714505910_stereo_right_camera_5.png	873011424	524	278	125
facedb/873011424/1493486475021960973_stereo_right_camera_6.png	873011424	524	278	125
facedb/873011424/1493486475228853940_stereo_right_camera_7.png	873011424	524	278	125
facedb/873011424/1493486475639499902_stereo_right_camera_8.png	873011424	524	278	125
facedb/873011424/1493486475997777938_stereo_right_camera_9.png	873011424	524	278	125
