facedb/220166084/1490832648849086999_stereo_right_camera_0.png	220166084	363	230	143
facedb/220166084/1490832649105941057_stereo_right_camera_1.png	220166084	363	230	143
facedb/220166084/1490832649200536966_stereo_right_camera_2.png	220166084	363	230	143
facedb/220166084/1490832649340960979_stereo_right_camera_3.png	220166084	363	230	143
facedb/220166084/1490832649591389894_stereo_right_camera_4.png	220166084	363	230	143
facedb/220166084/1490832649709762096_stereo_right_camera_5.png	220166084	363	230	143
facedb/220166084/1490832649856081008_stereo_right_camera_6.png	220166084	363	230	143
facedb/220166084/1490832649923233032_stereo_right_camera_7.png	220166084	363	230	143
facedb/220166084/1490832650108275890_stereo_right_camera_8.png	220166084	363	230	143
facedb/220166084/1490832650292244911_stereo_right_camera_9.png	220166084	363	230	143
