facedb/905026247/1490464790122422933_stereo_left_camera_0.png	905026247	470	254	132
facedb/905026247/1490464790434778928_stereo_left_camera_1.png	905026247	470	254	132
facedb/905026247/1490464790535259962_stereo_left_camera_2.png	905026247	470	254	132
facedb/905026247/1490464790878859996_stereo_left_camera_3.png	905026247	470	254	132
facedb/905026247/1490464791286817073_stereo_left_camera_4.png	905026247	470	254	132
facedb/905026247/1490464791617584943_stereo_left_camera_5.png	905026247	470	254	132
facedb/905026247/1490464792179426908_stereo_left_camera_6.png	905026247	470	254	132
facedb/905026247/1490464792283868074_stereo_left_camera_7.png	905026247	470	254	132
facedb/905026247/1490464792645066022_stereo_left_camera_8.png	905026247	470	254	132
facedb/905026247/1490464792743206024_stereo_left_camera_9.png	905026247	470	254	132
