facedb/1398612867/1493486467262862920_stereo_right_camera_0.png	1398612867	623	358	230
facedb/1398612867/1493486468010341882_stereo_right_camera_1.png	1398612867	623	358	230
facedb/1398612867/1493486468146733045_stereo_right_camera_2.png	1398612867	623	358	230
facedb/1398612867/1493486468376297950_stereo_right_camera_3.png	1398612867	623	358	230
facedb/1398612867/1493486468689363002_stereo_right_camera_4.png	1398612867	623	358	230
facedb/1398612867/1493486468898899078_stereo_right_camera_5.png	1398612867	623	358	230
facedb/1398612867/1493486469005079984_stereo_right_camera_6.png	1398612867	623	358	230
facedb/1398612867/1493486469234993934_stereo_right_camera_7.png	1398612867	623	358	230
facedb/1398612867/1493486469345535993_stereo_right_camera_8.png	1398612867	623	358	230
facedb/1398612867/1493486469544729948_stereo_right_camera_9.png	1398612867	623	358	230
