facedb/350398082/1521904432796343088_stereo_right_camera_0.png	350398082	558	409	311
facedb/350398082/1521904433031176090_stereo_right_camera_1.png	350398082	558	409	311
facedb/350398082/1521904433339165925_stereo_right_camera_2.png	350398082	558	409	311
facedb/350398082/1521904433638756036_stereo_right_camera_3.png	350398082	558	409	311
facedb/350398082/1521904433911978006_stereo_right_camera_4.png	350398082	558	409	311
facedb/350398082/1521904434197777986_stereo_right_camera_5.png	350398082	558	409	311
facedb/350398082/1521904434401438951_stereo_right_camera_6.png	350398082	558	409	311
facedb/350398082/1521904434733933925_stereo_right_camera_7.png	350398082	558	409	311
facedb/350398082/1521904434937159061_stereo_right_camera_8.png	350398082	558	409	311
facedb/350398082/1521904435167059898_stereo_right_camera_9.png	350398082	558	409	311
