facedb/764327631/1495667837367909908_stereo_right_camera_0.png	764327631	496	319	199
facedb/764327631/1495667837446624040_stereo_right_camera_1.png	764327631	496	319	199
facedb/764327631/1495667837721221923_stereo_right_camera_2.png	764327631	496	319	199
facedb/764327631/1495667837934076070_stereo_right_camera_3.png	764327631	496	319	199
facedb/764327631/1495667838049762964_stereo_right_camera_4.png	764327631	496	319	199
facedb/764327631/1495667838251868009_stereo_right_camera_5.png	764327631	496	319	199
facedb/764327631/1495667838533094882_stereo_right_camera_6.png	764327631	496	319	199
facedb/764327631/1495667838840598106_stereo_right_camera_7.png	764327631	496	319	199
facedb/764327631/1495667838944103956_stereo_right_camera_8.png	764327631	496	319	199
facedb/764327631/1495667839235385894_stereo_right_camera_9.png	764327631	496	319	199
