facedb/979053372/1521915741494705915_stereo_right_camera_0.png	979053372	476	330	226
facedb/979053372/1521915742062650918_stereo_right_camera_1.png	979053372	476	330	226
facedb/979053372/1521915742359085083_stereo_right_camera_2.png	979053372	476	330	226
facedb/979053372/1521915742559519052_stereo_right_camera_3.png	979053372	476	330	226
facedb/979053372/1521915742971509933_stereo_right_camera_4.png	979053372	476	330	226
facedb/979053372/1521915743537519931_stereo_right_camera_5.png	979053372	476	330	226
facedb/979053372/1521915744028666973_stereo_right_camera_6.png	979053372	476	330	226
facedb/979053372/1521915744532833099_stereo_right_camera_7.png	979053372	476	330	226
facedb/979053372/1521915744884696006_stereo_right_camera_8.png	979053372	476	330	226
facedb/979053372/1521915745172509908_stereo_right_camera_9.png	979053372	476	330	226
