facedb/599664509/1491053410128499031_stereo_right_camera_0.png	599664509	590	218	77
facedb/599664509/1491053410349236011_stereo_right_camera_1.png	599664509	590	218	77
facedb/599664509/1491053410486948966_stereo_right_camera_2.png	599664509	590	218	77
facedb/599664509/1491053410716840028_stereo_right_camera_3.png	599664509	590	218	77
facedb/599664509/1491053411601175069_stereo_right_camera_4.png	599664509	590	218	77
facedb/599664509/1491053411712248086_stereo_right_camera_5.png	599664509	590	218	77
facedb/599664509/1491053412439327955_stereo_right_camera_6.png	599664509	590	218	77
facedb/599664509/1491053412609961986_stereo_right_camera_7.png	599664509	590	218	77
facedb/599664509/1491053412780704021_stereo_right_camera_8.png	599664509	590	218	77
facedb/599664509/1491053412932224988_stereo_right_camera_9.png	599664509	590	218	77
