facedb/684387049/1490233015435086965_stereo_right_camera_0.png	684387049	516	334	230
facedb/684387049/1490233015733577966_stereo_right_camera_1.png	684387049	516	334	230
facedb/684387049/1490233015821572065_stereo_right_camera_2.png	684387049	516	334	230
facedb/684387049/1490233015909044027_stereo_right_camera_3.png	684387049	516	334	230
facedb/684387049/1490233015979868888_stereo_right_camera_4.png	684387049	516	334	230
facedb/684387049/1490233016072586059_stereo_right_camera_5.png	684387049	516	334	230
facedb/684387049/1490233016173886060_stereo_right_camera_6.png	684387049	516	334	230
facedb/684387049/1490233016956609010_stereo_right_camera_7.png	684387049	516	334	230
facedb/684387049/1490233017096698045_stereo_right_camera_8.png	684387049	516	334	230
facedb/684387049/1490233017783227920_stereo_right_camera_9.png	684387049	516	334	230
