facedb/1409246623/1491062523173994064_stereo_right_camera_0.png	1409246623	478	277	182
facedb/1409246623/1491062523346162080_stereo_right_camera_1.png	1409246623	478	277	182
facedb/1409246623/1491062523475445985_stereo_right_camera_2.png	1409246623	478	277	182
facedb/1409246623/1491062523707977056_stereo_right_camera_3.png	1409246623	478	277	182
facedb/1409246623/1491062523832540035_stereo_right_camera_4.png	1409246623	478	277	182
facedb/1409246623/1491062523949477910_stereo_right_camera_5.png	1409246623	478	277	182
facedb/1409246623/1491062524155565023_stereo_right_camera_6.png	1409246623	478	277	182
facedb/1409246623/1491062524277280092_stereo_right_camera_7.png	1409246623	478	277	182
facedb/1409246623/1491062524546489953_stereo_right_camera_8.png	1409246623	478	277	182
facedb/1409246623/1491062524665364980_stereo_right_camera_9.png	1409246623	478	277	182
