facedb/219162711/1508604606639143943_stereo_right_camera_0.png	219162711	471	258	144
facedb/219162711/1508604606890392065_stereo_right_camera_1.png	219162711	471	258	144
facedb/219162711/1508604607189877033_stereo_right_camera_2.png	219162711	471	258	144
facedb/219162711/1508604607414995908_stereo_right_camera_3.png	219162711	471	258	144
facedb/219162711/1508604607709736108_stereo_right_camera_4.png	219162711	471	258	144
facedb/219162711/1508604607944411039_stereo_right_camera_5.png	219162711	471	258	144
facedb/219162711/1508604608136204004_stereo_right_camera_6.png	219162711	471	258	144
facedb/219162711/1508604608385765075_stereo_right_camera_7.png	219162711	471	258	144
facedb/219162711/1508604608653110980_stereo_right_camera_8.png	219162711	471	258	144
facedb/219162711/1508604608841567039_stereo_right_camera_9.png	219162711	471	258	144
