facedb/51805024/1521767584609924077_stereo_right_camera_0.png	51805024	658	459	354
facedb/51805024/1521767584883306980_stereo_right_camera_1.png	51805024	658	459	354
facedb/51805024/1521767585161868095_stereo_right_camera_2.png	51805024	658	459	354
facedb/51805024/1521767585424851894_stereo_right_camera_3.png	51805024	658	459	354
facedb/51805024/1521767586063993930_stereo_right_camera_4.png	51805024	658	459	354
facedb/51805024/1521767586292268037_stereo_right_camera_5.png	51805024	658	459	354
facedb/51805024/1521767586397361993_stereo_right_camera_6.png	51805024	658	459	354
facedb/51805024/1521767587115602970_stereo_right_camera_7.png	51805024	658	459	354
facedb/51805024/1521767587358438968_stereo_right_camera_8.png	51805024	658	459	354
facedb/51805024/1521767587501805067_stereo_right_camera_9.png	51805024	658	459	354
