facedb/878336921/1521914119282180070_stereo_right_camera_0.png	878336921	491	331	189
facedb/878336921/1521914119524007081_stereo_right_camera_1.png	878336921	491	331	189
facedb/878336921/1521914119820729017_stereo_right_camera_2.png	878336921	491	331	189
facedb/878336921/1521914120130306959_stereo_right_camera_3.png	878336921	491	331	189
facedb/878336921/1521914120425995111_stereo_right_camera_4.png	878336921	491	331	189
facedb/878336921/1521914120734412908_stereo_right_camera_5.png	878336921	491	331	189
facedb/878336921/1521914120941315889_stereo_right_camera_6.png	878336921	491	331	189
facedb/878336921/1521914121278825044_stereo_right_camera_7.png	878336921	491	331	189
facedb/878336921/1521914121591167926_stereo_right_camera_8.png	878336921	491	331	189
facedb/878336921/1521914121669625997_stereo_right_camera_9.png	878336921	491	331	189
