facedb/958936594/1493484645209901094_stereo_right_camera_0.png	958936594	511	311	198
facedb/958936594/1493484645456101894_stereo_right_camera_1.png	958936594	511	311	198
facedb/958936594/1493484645702234029_stereo_right_camera_2.png	958936594	511	311	198
facedb/958936594/1493484645869437932_stereo_right_camera_3.png	958936594	511	311	198
facedb/958936594/1493484646031358957_stereo_right_camera_4.png	958936594	511	311	198
facedb/958936594/1493484646317986011_stereo_right_camera_5.png	958936594	511	311	198
facedb/958936594/1493484646618642091_stereo_right_camera_6.png	958936594	511	311	198
facedb/958936594/1493484647087443113_stereo_right_camera_7.png	958936594	511	311	198
facedb/958936594/1493484647255794048_stereo_right_camera_8.png	958936594	511	311	198
facedb/958936594/1493484647357840061_stereo_right_camera_9.png	958936594	511	311	198
