facedb/1871060839/1505671378788093090_stereo_right_camera_0.png	1871060839	596	338	222
facedb/1871060839/1505671379021459102_stereo_right_camera_1.png	1871060839	596	338	222
facedb/1871060839/1505671379241580963_stereo_right_camera_2.png	1871060839	596	338	222
facedb/1871060839/1505671379443392038_stereo_right_camera_3.png	1871060839	596	338	222
facedb/1871060839/1505671379750614881_stereo_right_camera_4.png	1871060839	596	338	222
facedb/1871060839/1505671379957279920_stereo_right_camera_5.png	1871060839	596	338	222
facedb/1871060839/1505671380183852910_stereo_right_camera_6.png	1871060839	596	338	222
facedb/1871060839/1505671380411724090_stereo_right_camera_7.png	1871060839	596	338	222
facedb/1871060839/1505671380642757892_stereo_right_camera_8.png	1871060839	596	338	222
facedb/1871060839/1505671381390866041_stereo_right_camera_9.png	1871060839	596	338	222
