facedb/91320741/1521906094122767925_stereo_right_camera_0.png	91320741	469	233	116
facedb/91320741/1521906094375868082_stereo_right_camera_1.png	91320741	469	233	116
facedb/91320741/1521906094633903980_stereo_right_camera_2.png	91320741	469	233	116
facedb/91320741/1521906094910665035_stereo_right_camera_3.png	91320741	469	233	116
facedb/91320741/1521906095152437925_stereo_right_camera_4.png	91320741	469	233	116
facedb/91320741/1521906095419106006_stereo_right_camera_5.png	91320741	469	233	116
facedb/91320741/1521906095668605089_stereo_right_camera_6.png	91320741	469	233	116
facedb/91320741/1521906095949845075_stereo_right_camera_7.png	91320741	469	233	116
facedb/91320741/1521906096216983079_stereo_right_camera_8.png	91320741	469	233	116
facedb/91320741/1521906096495079040_stereo_right_camera_9.png	91320741	469	233	116
