facedb/1012506926/1495668373791841030_stereo_right_camera_0.png	1012506926	370	193	112
facedb/1012506926/1495668373934103012_stereo_right_camera_1.png	1012506926	370	193	112
facedb/1012506926/1495668374909523010_stereo_right_camera_2.png	1012506926	370	193	112
facedb/1012506926/1495668375178924083_stereo_right_camera_3.png	1012506926	370	193	112
facedb/1012506926/1495668376172126054_stereo_right_camera_4.png	1012506926	370	193	112
facedb/1012506926/1495668376336772918_stereo_right_camera_5.png	1012506926	370	193	112
facedb/1012506926/1495668376581075906_stereo_right_camera_6.png	1012506926	370	193	112
facedb/1012506926/1495668376770505905_stereo_right_camera_7.png	1012506926	370	193	112
facedb/1012506926/1495668376954544067_stereo_right_camera_8.png	1012506926	370	193	112
facedb/1012506926/1495668377272186040_stereo_right_camera_9.png	1012506926	370	193	112
