facedb/4341717/1491071844399378061_stereo_right_camera_0.png	4341717	458	269	161
facedb/4341717/1491071844552206993_stereo_right_camera_1.png	4341717	458	269	161
facedb/4341717/1491071844616480112_stereo_right_camera_2.png	4341717	458	269	161
facedb/4341717/1491071845081603050_stereo_right_camera_3.png	4341717	458	269	161
facedb/4341717/1491071845240794897_stereo_right_camera_4.png	4341717	458	269	161
facedb/4341717/1491071845402426004_stereo_right_camera_5.png	4341717	458	269	161
facedb/4341717/1491071845607966899_stereo_right_camera_6.png	4341717	458	269	161
facedb/4341717/1491071845680591106_stereo_right_camera_7.png	4341717	458	269	161
facedb/4341717/1491071845867830038_stereo_right_camera_8.png	4341717	458	269	161
facedb/4341717/1491071846055346012_stereo_right_camera_9.png	4341717	458	269	161
