facedb/1361319709/1491073187133460044_stereo_right_camera_0.png	1361319709	446	259	156
facedb/1361319709/1491073187228692054_stereo_right_camera_1.png	1361319709	446	259	156
facedb/1361319709/1491073187396595001_stereo_right_camera_2.png	1361319709	446	259	156
facedb/1361319709/1491073187524770975_stereo_right_camera_3.png	1361319709	446	259	156
facedb/1361319709/1491073187666702032_stereo_right_camera_4.png	1361319709	446	259	156
facedb/1361319709/1491073187733676910_stereo_right_camera_5.png	1361319709	446	259	156
facedb/1361319709/1491073188012686014_stereo_right_camera_6.png	1361319709	446	259	156
facedb/1361319709/1491073188079623937_stereo_right_camera_7.png	1361319709	446	259	156
facedb/1361319709/1491073188284732103_stereo_right_camera_8.png	1361319709	446	259	156
facedb/1361319709/1491073188531699895_stereo_right_camera_9.png	1361319709	446	259	156
