facedb/1075229132/1494457169524388074_stereo_right_camera_0.png	1075229132	434	238	158
facedb/1075229132/1494457169627656936_stereo_right_camera_1.png	1075229132	434	238	158
facedb/1075229132/1494457169881542921_stereo_right_camera_2.png	1075229132	434	238	158
facedb/1075229132/1494457170005784034_stereo_right_camera_3.png	1075229132	434	238	158
facedb/1075229132/1494457170354768991_stereo_right_camera_4.png	1075229132	434	238	158
facedb/1075229132/1494457170496051073_stereo_right_camera_5.png	1075229132	434	238	158
facedb/1075229132/1494457170636275053_stereo_right_camera_6.png	1075229132	434	238	158
facedb/1075229132/1494457170749414920_stereo_right_camera_7.png	1075229132	434	238	158
facedb/1075229132/1494457170988632917_stereo_right_camera_8.png	1075229132	434	238	158
facedb/1075229132/1494457171097642898_stereo_right_camera_9.png	1075229132	434	238	158
