facedb/1988521330/1490231855756079912_stereo_right_camera_0.png	1988521330	504	359	236
facedb/1988521330/1490231855939158916_stereo_right_camera_1.png	1988521330	504	359	236
facedb/1988521330/1490231856014317035_stereo_right_camera_2.png	1988521330	504	359	236
facedb/1988521330/1490231856092395067_stereo_right_camera_3.png	1988521330	504	359	236
facedb/1988521330/1490231856166562080_stereo_right_camera_4.png	1988521330	504	359	236
facedb/1988521330/1490231856229023933_stereo_right_camera_5.png	1988521330	504	359	236
facedb/1988521330/1490231856297290086_stereo_right_camera_6.png	1988521330	504	359	236
facedb/1988521330/1490231856374080896_stereo_right_camera_7.png	1988521330	504	359	236
facedb/1988521330/1490231856442488908_stereo_right_camera_8.png	1988521330	504	359	236
facedb/1988521330/1490231856519089937_stereo_right_camera_9.png	1988521330	504	359	236
