facedb/1349593221/1501789860273762941_stereo_right_camera_0.png	1349593221	397	256	162
facedb/1349593221/1501789861088952064_stereo_right_camera_1.png	1349593221	397	256	162
facedb/1349593221/1501789861352709054_stereo_right_camera_2.png	1349593221	397	256	162
facedb/1349593221/1501789861510790109_stereo_right_camera_3.png	1349593221	397	256	162
facedb/1349593221/1501789862033945083_stereo_right_camera_4.png	1349593221	397	256	162
facedb/1349593221/1501789862351413965_stereo_right_camera_5.png	1349593221	397	256	162
facedb/1349593221/1501789862621792078_stereo_right_camera_6.png	1349593221	397	256	162
facedb/1349593221/1501789862916352033_stereo_right_camera_7.png	1349593221	397	256	162
facedb/1349593221/1501789863226191043_stereo_right_camera_8.png	1349593221	397	256	162
facedb/1349593221/1501789863800086975_stereo_right_camera_9.png	1349593221	397	256	162
