facedb/1202065165/1497725772975956916_stereo_right_camera_0.png	1202065165	527	296	155
facedb/1202065165/1497725773175873994_stereo_right_camera_1.png	1202065165	527	296	155
facedb/1202065165/1497725773361857891_stereo_right_camera_2.png	1202065165	527	296	155
facedb/1202065165/1497725773565813064_stereo_right_camera_3.png	1202065165	527	296	155
facedb/1202065165/1497725773762983083_stereo_right_camera_4.png	1202065165	527	296	155
facedb/1202065165/1497725773979028940_stereo_right_camera_5.png	1202065165	527	296	155
facedb/1202065165/1497725774171927928_stereo_right_camera_6.png	1202065165	527	296	155
facedb/1202065165/1497725774395142078_stereo_right_camera_7.png	1202065165	527	296	155
facedb/1202065165/1497725774943567037_stereo_right_camera_8.png	1202065165	527	296	155
facedb/1202065165/1497725775176640033_stereo_right_camera_9.png	1202065165	527	296	155
