facedb/1278297847/1498232066590640068_stereo_right_camera_0.png	1278297847	554	385	249
facedb/1278297847/1498232066778325080_stereo_right_camera_1.png	1278297847	554	385	249
facedb/1278297847/1498232067110624074_stereo_right_camera_2.png	1278297847	554	385	249
facedb/1278297847/1498232067281435012_stereo_right_camera_3.png	1278297847	554	385	249
facedb/1278297847/1498232067479310035_stereo_right_camera_4.png	1278297847	554	385	249
facedb/1278297847/1498232067665617942_stereo_right_camera_5.png	1278297847	554	385	249
facedb/1278297847/1498232067953291893_stereo_right_camera_6.png	1278297847	554	385	249
facedb/1278297847/1498232068038717985_stereo_right_camera_7.png	1278297847	554	385	249
facedb/1278297847/1498232068409976959_stereo_right_camera_8.png	1278297847	554	385	249
facedb/1278297847/1498232068505157947_stereo_right_camera_9.png	1278297847	554	385	249
