facedb/1175991006/1490231772402921915_stereo_right_camera_0.png	1175991006	515	343	197
facedb/1175991006/1490231772560866117_stereo_right_camera_1.png	1175991006	515	343	197
facedb/1175991006/1490231772644984960_stereo_right_camera_2.png	1175991006	515	343	197
facedb/1175991006/1490231772750796079_stereo_right_camera_3.png	1175991006	515	343	197
facedb/1175991006/1490231772848695039_stereo_right_camera_4.png	1175991006	515	343	197
facedb/1175991006/1490231772928664922_stereo_right_camera_5.png	1175991006	515	343	197
facedb/1175991006/1490231773049338102_stereo_right_camera_6.png	1175991006	515	343	197
facedb/1175991006/1490231773190975904_stereo_right_camera_7.png	1175991006	515	343	197
facedb/1175991006/1490231773259119987_stereo_right_camera_8.png	1175991006	515	343	197
facedb/1175991006/1490231773377693891_stereo_right_camera_9.png	1175991006	515	343	197
