facedb/1123167773/1521904249071536064_stereo_right_camera_0.png	1123167773	900	293	197
facedb/1123167773/1521904249176827907_stereo_right_camera_1.png	1123167773	900	293	197
facedb/1123167773/1521904249655539989_stereo_right_camera_2.png	1123167773	900	293	197
facedb/1123167773/1521904249875778913_stereo_right_camera_3.png	1123167773	900	293	197
facedb/1123167773/1521904250174439907_stereo_right_camera_4.png	1123167773	900	293	197
facedb/1123167773/1521904250175185918_stereo_right_camera_5.png	1123167773	900	293	197
facedb/1123167773/1521904250704102039_stereo_right_camera_6.png	1123167773	900	293	197
facedb/1123167773/1521904250991364955_stereo_right_camera_7.png	1123167773	900	293	197
facedb/1123167773/1521904251216779947_stereo_right_camera_8.png	1123167773	900	293	197
facedb/1123167773/1521904251542093038_stereo_right_camera_9.png	1123167773	900	293	197
