facedb/144536500/1491071851631118059_stereo_right_camera_0.png	144536500	440	262	167
facedb/144536500/1491071851722023963_stereo_right_camera_1.png	144536500	440	262	167
facedb/144536500/1491071851907200098_stereo_right_camera_2.png	144536500	440	262	167
facedb/144536500/1491071852030961036_stereo_right_camera_3.png	144536500	440	262	167
facedb/144536500/1491071852127993106_stereo_right_camera_4.png	144536500	440	262	167
facedb/144536500/1491071852315009117_stereo_right_camera_5.png	144536500	440	262	167
facedb/144536500/1491071852479161977_stereo_right_camera_6.png	144536500	440	262	167
facedb/144536500/1491071852654383897_stereo_right_camera_7.png	144536500	440	262	167
facedb/144536500/1491071852788605928_stereo_right_camera_8.png	144536500	440	262	167
facedb/144536500/1491071852977884054_stereo_right_camera_9.png	144536500	440	262	167
