facedb/1381591685/1491074363310641050_stereo_right_camera_0.png	1381591685	512	251	147
facedb/1381591685/1491074363413819074_stereo_right_camera_1.png	1381591685	512	251	147
facedb/1381591685/1491074363564398050_stereo_right_camera_2.png	1381591685	512	251	147
facedb/1381591685/1491074364282749891_stereo_right_camera_3.png	1381591685	512	251	147
facedb/1381591685/1491074364396966934_stereo_right_camera_4.png	1381591685	512	251	147
facedb/1381591685/1491074364746979951_stereo_right_camera_5.png	1381591685	512	251	147
facedb/1381591685/1491074365401957988_stereo_right_camera_6.png	1381591685	512	251	147
facedb/1381591685/1491074365496706008_stereo_right_camera_7.png	1381591685	512	251	147
facedb/1381591685/1491074365855711936_stereo_right_camera_8.png	1381591685	512	251	147
facedb/1381591685/1491074365952246904_stereo_right_camera_9.png	1381591685	512	251	147
