facedb/1453668864/1491059575574044942_stereo_right_camera_0.png	1453668864	587	308	144
facedb/1453668864/1491059575675414085_stereo_right_camera_1.png	1453668864	587	308	144
facedb/1453668864/1491059575815252065_stereo_right_camera_2.png	1453668864	587	308	144
facedb/1453668864/1491059575901546955_stereo_right_camera_3.png	1453668864	587	308	144
facedb/1453668864/1491059575976494073_stereo_right_camera_4.png	1453668864	587	308	144
facedb/1453668864/1491059576079442024_stereo_right_camera_5.png	1453668864	587	308	144
facedb/1453668864/1491059576278155088_stereo_right_camera_6.png	1453668864	587	308	144
facedb/1453668864/1491059576358757972_stereo_right_camera_7.png	1453668864	587	308	144
facedb/1453668864/1491059576460350036_stereo_right_camera_8.png	1453668864	587	308	144
facedb/1453668864/1491059576551579952_stereo_right_camera_9.png	1453668864	587	308	144
