facedb/1318715969/1495668361762592077_stereo_right_camera_0.png	1318715969	346	211	115
facedb/1318715969/1495668362088320970_stereo_right_camera_1.png	1318715969	346	211	115
facedb/1318715969/1495668362351027965_stereo_right_camera_2.png	1318715969	346	211	115
facedb/1318715969/1495668362527111053_stereo_right_camera_3.png	1318715969	346	211	115
facedb/1318715969/1495668362731283903_stereo_right_camera_4.png	1318715969	346	211	115
facedb/1318715969/1495668363175465106_stereo_right_camera_5.png	1318715969	346	211	115
facedb/1318715969/1495668363553196907_stereo_right_camera_6.png	1318715969	346	211	115
facedb/1318715969/1495668363830431938_stereo_right_camera_7.png	1318715969	346	211	115
facedb/1318715969/1495668364270292997_stereo_right_camera_8.png	1318715969	346	211	115
facedb/1318715969/1495668364502935886_stereo_right_camera_9.png	1318715969	346	211	115
