facedb/1721488665/1495579325739057064_stereo_right_camera_0.png	1721488665	492	280	138
facedb/1721488665/1495579325826548099_stereo_right_camera_1.png	1721488665	492	280	138
facedb/1721488665/1495579326026190996_stereo_right_camera_2.png	1721488665	492	280	138
facedb/1721488665/1495579326211414098_stereo_right_camera_3.png	1721488665	492	280	138
facedb/1721488665/1495579326421660900_stereo_right_camera_4.png	1721488665	492	280	138
facedb/1721488665/1495579326754982948_stereo_right_camera_5.png	1721488665	492	280	138
facedb/1721488665/1495579326913197994_stereo_right_camera_6.png	1721488665	492	280	138
facedb/1721488665/1495579327107054948_stereo_right_camera_7.png	1721488665	492	280	138
facedb/1721488665/1495579327606730937_stereo_right_camera_8.png	1721488665	492	280	138
facedb/1721488665/1495579327824569940_stereo_right_camera_9.png	1721488665	492	280	138
