facedb/604626312/1496184547140166044_stereo_right_camera_0.png	604626312	539	183	59
facedb/604626312/1496184547399692058_stereo_right_camera_1.png	604626312	539	183	59
facedb/604626312/1496184547622791051_stereo_right_camera_2.png	604626312	539	183	59
facedb/604626312/1496184547810874938_stereo_right_camera_3.png	604626312	539	183	59
facedb/604626312/1496184547886998891_stereo_right_camera_4.png	604626312	539	183	59
facedb/604626312/1496184548131073951_stereo_right_camera_5.png	604626312	539	183	59
facedb/604626312/1496184548406338930_stereo_right_camera_6.png	604626312	539	183	59
facedb/604626312/1496184548706104040_stereo_right_camera_7.png	604626312	539	183	59
facedb/604626312/1496184548872863054_stereo_right_camera_8.png	604626312	539	183	59
facedb/604626312/1496184549162890911_stereo_right_camera_9.png	604626312	539	183	59
