facedb/574552992/1490467712990772008_stereo_right_camera_0.png	574552992	537	350	241
facedb/574552992/1490467713148787021_stereo_right_camera_1.png	574552992	537	350	241
facedb/574552992/1490467713287697076_stereo_right_camera_2.png	574552992	537	350	241
facedb/574552992/1490467713351594924_stereo_right_camera_3.png	574552992	537	350	241
facedb/574552992/1490467713432743072_stereo_right_camera_4.png	574552992	537	350	241
facedb/574552992/1490467713648976087_stereo_right_camera_5.png	574552992	537	350	241
facedb/574552992/1490467713718209028_stereo_right_camera_6.png	574552992	537	350	241
facedb/574552992/1490467713873682022_stereo_right_camera_7.png	574552992	537	350	241
facedb/574552992/1490467714031644105_stereo_right_camera_8.png	574552992	537	350	241
facedb/574552992/1490467714106642961_stereo_right_camera_9.png	574552992	537	350	241
