facedb/1436480607/1490470292933757066_stereo_right_camera_0.png	1436480607	475	319	219
facedb/1436480607/1490470293258322000_stereo_right_camera_1.png	1436480607	475	319	219
facedb/1436480607/1490470293346118927_stereo_right_camera_2.png	1436480607	475	319	219
facedb/1436480607/1490470293547703027_stereo_right_camera_3.png	1436480607	475	319	219
facedb/1436480607/1490470293641704082_stereo_right_camera_4.png	1436480607	475	319	219
facedb/1436480607/1490470293713054895_stereo_right_camera_5.png	1436480607	475	319	219
facedb/1436480607/1490470293872498989_stereo_right_camera_6.png	1436480607	475	319	219
facedb/1436480607/1490470294054306983_stereo_right_camera_7.png	1436480607	475	319	219
facedb/1436480607/1490470294144062042_stereo_right_camera_8.png	1436480607	475	319	219
facedb/1436480607/1490470294352387905_stereo_right_camera_9.png	1436480607	475	319	219
