facedb/778602510/1493487529263602018_stereo_right_camera_0.png	778602510	365	268	203
facedb/778602510/1493487529908885955_stereo_right_camera_1.png	778602510	365	268	203
facedb/778602510/1493487530063055038_stereo_right_camera_2.png	778602510	365	268	203
facedb/778602510/1493487530263727903_stereo_right_camera_3.png	778602510	365	268	203
facedb/778602510/1493487530581181049_stereo_right_camera_4.png	778602510	365	268	203
facedb/778602510/1493487530800915956_stereo_right_camera_5.png	778602510	365	268	203
facedb/778602510/1493487531183621883_stereo_right_camera_6.png	778602510	365	268	203
facedb/778602510/1493487531489504098_stereo_right_camera_7.png	778602510	365	268	203
facedb/778602510/1493487531680298089_stereo_right_camera_8.png	778602510	365	268	203
facedb/778602510/1493487532045516014_stereo_right_camera_9.png	778602510	365	268	203
