facedb/234623942/1491074469599885940_stereo_right_camera_0.png	234623942	421	281	186
facedb/234623942/1491074469671811103_stereo_right_camera_1.png	234623942	421	281	186
facedb/234623942/1491074470344084978_stereo_right_camera_2.png	234623942	421	281	186
facedb/234623942/1491074470456602096_stereo_right_camera_3.png	234623942	421	281	186
facedb/234623942/1491074470650775909_stereo_right_camera_4.png	234623942	421	281	186
facedb/234623942/1491074470836648941_stereo_right_camera_5.png	234623942	421	281	186
facedb/234623942/1491074470948344945_stereo_right_camera_6.png	234623942	421	281	186
facedb/234623942/1491074471133788108_stereo_right_camera_7.png	234623942	421	281	186
facedb/234623942/1491074471441544055_stereo_right_camera_8.png	234623942	421	281	186
facedb/234623942/1491074471639560937_stereo_right_camera_9.png	234623942	421	281	186
