facedb/1344460149/1491069138568641901_stereo_right_camera_0.png	1344460149	376	225	124
facedb/1344460149/1491069139539136886_stereo_right_camera_1.png	1344460149	376	225	124
facedb/1344460149/1491069139738677978_stereo_right_camera_2.png	1344460149	376	225	124
facedb/1344460149/1491069139837132930_stereo_right_camera_3.png	1344460149	376	225	124
facedb/1344460149/1491069139916582107_stereo_right_camera_4.png	1344460149	376	225	124
facedb/1344460149/1491069140208316087_stereo_right_camera_5.png	1344460149	376	225	124
facedb/1344460149/1491069140285968065_stereo_right_camera_6.png	1344460149	376	225	124
facedb/1344460149/1491069140506181955_stereo_right_camera_7.png	1344460149	376	225	124
facedb/1344460149/1491069140666906118_stereo_right_camera_8.png	1344460149	376	225	124
facedb/1344460149/1491069140833708047_stereo_right_camera_9.png	1344460149	376	225	124
