facedb/1373973409/1497729533539315938_stereo_right_camera_0.png	1373973409	634	328	147
facedb/1373973409/1497729533747777938_stereo_right_camera_1.png	1373973409	634	328	147
facedb/1373973409/1497729533844647884_stereo_right_camera_2.png	1373973409	634	328	147
facedb/1373973409/1497729534160850048_stereo_right_camera_3.png	1373973409	634	328	147
facedb/1373973409/1497729534412427902_stereo_right_camera_4.png	1373973409	634	328	147
facedb/1373973409/1497729534483525037_stereo_right_camera_5.png	1373973409	634	328	147
facedb/1373973409/1497729534916805982_stereo_right_camera_6.png	1373973409	634	328	147
facedb/1373973409/1497729535126030921_stereo_right_camera_7.png	1373973409	634	328	147
facedb/1373973409/1497729535321568965_stereo_right_camera_8.png	1373973409	634	328	147
facedb/1373973409/1497729535617876052_stereo_right_camera_9.png	1373973409	634	328	147
