facedb/535145594/1493484086183057069_stereo_right_camera_0.png	535145594	527	391	299
facedb/535145594/1493484086264666080_stereo_right_camera_1.png	535145594	527	391	299
facedb/535145594/1493484086496088027_stereo_right_camera_2.png	535145594	527	391	299
facedb/535145594/1493484086596875905_stereo_right_camera_3.png	535145594	527	391	299
facedb/535145594/1493484086793147087_stereo_right_camera_4.png	535145594	527	391	299
facedb/535145594/1493484086912736892_stereo_right_camera_5.png	535145594	527	391	299
facedb/535145594/1493484087196894884_stereo_right_camera_6.png	535145594	527	391	299
facedb/535145594/1493484087522919893_stereo_right_camera_7.png	535145594	527	391	299
facedb/535145594/1493484088030725955_stereo_right_camera_8.png	535145594	527	391	299
facedb/535145594/1493484088119481086_stereo_right_camera_9.png	535145594	527	391	299
