facedb/863392353/1491062083682706117_stereo_right_camera_0.png	863392353	561	216	51
facedb/863392353/1491062083795095920_stereo_right_camera_1.png	863392353	561	216	51
facedb/863392353/1491062083897720098_stereo_right_camera_2.png	863392353	561	216	51
facedb/863392353/1491062084000345945_stereo_right_camera_3.png	863392353	561	216	51
facedb/863392353/1491062084093317985_stereo_right_camera_4.png	863392353	561	216	51
facedb/863392353/1491062084328026056_stereo_right_camera_5.png	863392353	561	216	51
facedb/863392353/1491062084573555946_stereo_right_camera_6.png	863392353	561	216	51
facedb/863392353/1491062084752394914_stereo_right_camera_7.png	863392353	561	216	51
facedb/863392353/1491062084825356960_stereo_right_camera_8.png	863392353	561	216	51
facedb/863392353/1491062085006181955_stereo_right_camera_9.png	863392353	561	216	51
