facedb/131935993/1493484094881993055_stereo_left_camera_0.png	131935993	517	376	254
facedb/131935993/1493484095120098114_stereo_left_camera_1.png	131935993	517	376	254
facedb/131935993/1493484095283535003_stereo_left_camera_2.png	131935993	517	376	254
facedb/131935993/1493484095390038967_stereo_left_camera_3.png	131935993	517	376	254
facedb/131935993/1493484095558593034_stereo_left_camera_4.png	131935993	517	376	254
facedb/131935993/1493484095668045043_stereo_left_camera_5.png	131935993	517	376	254
facedb/131935993/1493484095871098041_stereo_left_camera_6.png	131935993	517	376	254
facedb/131935993/1493484096066468000_stereo_left_camera_7.png	131935993	517	376	254
facedb/131935993/1493484096180428028_stereo_left_camera_8.png	131935993	517	376	254
facedb/131935993/1493484096372224092_stereo_left_camera_9.png	131935993	517	376	254
