facedb/1409432787/1490468405436783075_stereo_right_camera_0.png	1409432787	393	263	167
facedb/1409432787/1490468405556950092_stereo_right_camera_1.png	1409432787	393	263	167
facedb/1409432787/1490468405685971975_stereo_right_camera_2.png	1409432787	393	263	167
facedb/1409432787/1490468405776572942_stereo_right_camera_3.png	1409432787	393	263	167
facedb/1409432787/1490468405963139057_stereo_right_camera_4.png	1409432787	393	263	167
facedb/1409432787/1490468406157429933_stereo_right_camera_5.png	1409432787	393	263	167
facedb/1409432787/1490468406276175975_stereo_right_camera_6.png	1409432787	393	263	167
facedb/1409432787/1490468406388107061_stereo_right_camera_7.png	1409432787	393	263	167
facedb/1409432787/1490468406490474939_stereo_right_camera_8.png	1409432787	393	263	167
facedb/1409432787/1490468407083865880_stereo_right_camera_9.png	1409432787	393	263	167
