facedb/1332457296/1491073188646333932_stereo_right_camera_0.png	1332457296	450	284	157
facedb/1332457296/1491073188860250949_stereo_right_camera_1.png	1332457296	450	284	157
facedb/1332457296/1491073189314580917_stereo_right_camera_2.png	1332457296	450	284	157
facedb/1332457296/1491073189388413906_stereo_right_camera_3.png	1332457296	450	284	157
facedb/1332457296/1491073189456753969_stereo_right_camera_4.png	1332457296	450	284	157
facedb/1332457296/1491073189742968082_stereo_right_camera_5.png	1332457296	450	284	157
facedb/1332457296/1491073189819807052_stereo_right_camera_6.png	1332457296	450	284	157
facedb/1332457296/1491073189974912881_stereo_right_camera_7.png	1332457296	450	284	157
facedb/1332457296/1491073190038664102_stereo_right_camera_8.png	1332457296	450	284	157
facedb/1332457296/1491073190197617053_stereo_right_camera_9.png	1332457296	450	284	157
