facedb/1711742706/1521908634395045042_stereo_right_camera_0.png	1711742706	463	282	164
facedb/1711742706/1521908634736632108_stereo_right_camera_1.png	1711742706	463	282	164
facedb/1711742706/1521908634894370079_stereo_right_camera_2.png	1711742706	463	282	164
facedb/1711742706/1521908635406707048_stereo_right_camera_3.png	1711742706	463	282	164
facedb/1711742706/1521908635563730955_stereo_right_camera_4.png	1711742706	463	282	164
facedb/1711742706/1521908635714390993_stereo_right_camera_5.png	1711742706	463	282	164
facedb/1711742706/1521908636187196016_stereo_right_camera_6.png	1711742706	463	282	164
facedb/1711742706/1521908636486121892_stereo_right_camera_7.png	1711742706	463	282	164
facedb/1711742706/1521908636791472911_stereo_right_camera_8.png	1711742706	463	282	164
facedb/1711742706/1521908636971466064_stereo_right_camera_9.png	1711742706	463	282	164
