facedb/528037052/1491054107547178983_stereo_right_camera_0.png	528037052	460	237	138
facedb/528037052/1491054107899853944_stereo_right_camera_1.png	528037052	460	237	138
facedb/528037052/1491054108005306959_stereo_right_camera_2.png	528037052	460	237	138
facedb/528037052/1491054108063642024_stereo_right_camera_3.png	528037052	460	237	138
facedb/528037052/1491054108662461996_stereo_right_camera_4.png	528037052	460	237	138
facedb/528037052/1491054108831152915_stereo_right_camera_5.png	528037052	460	237	138
facedb/528037052/1491054108902894020_stereo_right_camera_6.png	528037052	460	237	138
facedb/528037052/1491054109111186027_stereo_right_camera_7.png	528037052	460	237	138
facedb/528037052/1491054109230258941_stereo_right_camera_8.png	528037052	460	237	138
facedb/528037052/1491054109300343990_stereo_right_camera_9.png	528037052	460	237	138
