facedb/311508049/1493484656483903884_stereo_right_camera_0.png	311508049	527	299	188
facedb/311508049/1493484656894548892_stereo_right_camera_1.png	311508049	527	299	188
facedb/311508049/1493484657072624921_stereo_right_camera_2.png	311508049	527	299	188
facedb/311508049/1493484657129241943_stereo_right_camera_3.png	311508049	527	299	188
facedb/311508049/1493484657421647071_stereo_right_camera_4.png	311508049	527	299	188
facedb/311508049/1493484657686738967_stereo_right_camera_5.png	311508049	527	299	188
facedb/311508049/1493484658367307901_stereo_right_camera_6.png	311508049	527	299	188
facedb/311508049/1493484658673012018_stereo_right_camera_7.png	311508049	527	299	188
facedb/311508049/1493484658779892921_stereo_right_camera_8.png	311508049	527	299	188
facedb/311508049/1493484658866619110_stereo_right_camera_9.png	311508049	527	299	188
