facedb/174963098/1490469702003679037_stereo_right_camera_0.png	174963098	557	323	127
facedb/174963098/1490469702572829961_stereo_right_camera_1.png	174963098	557	323	127
facedb/174963098/1490469702905800104_stereo_right_camera_2.png	174963098	557	323	127
facedb/174963098/1490469703145251035_stereo_right_camera_3.png	174963098	557	323	127
facedb/174963098/1490469703358921051_stereo_right_camera_4.png	174963098	557	323	127
facedb/174963098/1490469703499285936_stereo_right_camera_5.png	174963098	557	323	127
facedb/174963098/1490469703595392942_stereo_right_camera_6.png	174963098	557	323	127
facedb/174963098/1490469703832391023_stereo_right_camera_7.png	174963098	557	323	127
facedb/174963098/1490469703941699981_stereo_right_camera_8.png	174963098	557	323	127
facedb/174963098/1490469704055505037_stereo_right_camera_9.png	174963098	557	323	127
