facedb/484375563/1490469465032094001_stereo_right_camera_0.png	484375563	661	469	227
facedb/484375563/1490469465147212028_stereo_right_camera_1.png	484375563	661	469	227
facedb/484375563/1490469465264185905_stereo_right_camera_2.png	484375563	661	469	227
facedb/484375563/1490469465394248962_stereo_right_camera_3.png	484375563	661	469	227
facedb/484375563/1490469465500935077_stereo_right_camera_4.png	484375563	661	469	227
facedb/484375563/1490469465621864080_stereo_right_camera_5.png	484375563	661	469	227
facedb/484375563/1490469465722234010_stereo_right_camera_6.png	484375563	661	469	227
facedb/484375563/1490469465829898118_stereo_right_camera_7.png	484375563	661	469	227
facedb/484375563/1490469466034742116_stereo_right_camera_8.png	484375563	661	469	227
facedb/484375563/1490469466158220052_stereo_right_camera_9.png	484375563	661	469	227
