facedb/1424690709/1494457246970316886_stereo_right_camera_0.png	1424690709	577	394	191
facedb/1424690709/1494457247100302934_stereo_right_camera_1.png	1424690709	577	394	191
facedb/1424690709/1494457247312341928_stereo_right_camera_2.png	1424690709	577	394	191
facedb/1424690709/1494457247812360048_stereo_right_camera_3.png	1424690709	577	394	191
facedb/1424690709/1494457248310380935_stereo_right_camera_4.png	1424690709	577	394	191
facedb/1424690709/1494457248613684892_stereo_right_camera_5.png	1424690709	577	394	191
facedb/1424690709/1494457248941173076_stereo_right_camera_6.png	1424690709	577	394	191
facedb/1424690709/1494457249132085084_stereo_right_camera_7.png	1424690709	577	394	191
facedb/1424690709/1494457249251087903_stereo_right_camera_8.png	1424690709	577	394	191
facedb/1424690709/1494457249650239944_stereo_right_camera_9.png	1424690709	577	394	191
