facedb/267383924/1497727835855633974_stereo_right_camera_0.png	267383924	543	354	268
facedb/267383924/1497727836094270944_stereo_right_camera_1.png	267383924	543	354	268
facedb/267383924/1497727836520955085_stereo_right_camera_2.png	267383924	543	354	268
facedb/267383924/1497727836847188949_stereo_right_camera_3.png	267383924	543	354	268
facedb/267383924/1497727837172861099_stereo_right_camera_4.png	267383924	543	354	268
facedb/267383924/1497727837533394098_stereo_right_camera_5.png	267383924	543	354	268
facedb/267383924/1497727837863456010_stereo_right_camera_6.png	267383924	543	354	268
facedb/267383924/1497727838404833078_stereo_right_camera_7.png	267383924	543	354	268
facedb/267383924/1497727838774420976_stereo_right_camera_8.png	267383924	543	354	268
facedb/267383924/1497727839108396053_stereo_right_camera_9.png	267383924	543	354	268
