facedb/1424799534/1495672119716751098_stereo_right_camera_0.png	1424799534	541	386	240
facedb/1424799534/1495672119903002023_stereo_right_camera_1.png	1424799534	541	386	240
facedb/1424799534/1495672120094095945_stereo_right_camera_2.png	1424799534	541	386	240
facedb/1424799534/1495672120275233983_stereo_right_camera_3.png	1424799534	541	386	240
facedb/1424799534/1495672120705436944_stereo_right_camera_4.png	1424799534	541	386	240
facedb/1424799534/1495672120891182899_stereo_right_camera_5.png	1424799534	541	386	240
facedb/1424799534/1495672121515880107_stereo_right_camera_6.png	1424799534	541	386	240
facedb/1424799534/1495672121703641891_stereo_right_camera_7.png	1424799534	541	386	240
facedb/1424799534/1495672121876693964_stereo_right_camera_8.png	1424799534	541	386	240
facedb/1424799534/1495672122230137109_stereo_right_camera_9.png	1424799534	541	386	240
