facedb/1278392880/1505674528075861930_stereo_right_camera_0.png	1278392880	489	289	199
facedb/1278392880/1505674528390495061_stereo_right_camera_1.png	1278392880	489	289	199
facedb/1278392880/1505674528652614116_stereo_right_camera_2.png	1278392880	489	289	199
facedb/1278392880/1505674528832025051_stereo_right_camera_3.png	1278392880	489	289	199
facedb/1278392880/1505674529066154003_stereo_right_camera_4.png	1278392880	489	289	199
facedb/1278392880/1505674529317975044_stereo_right_camera_5.png	1278392880	489	289	199
facedb/1278392880/1505674529495007991_stereo_right_camera_6.png	1278392880	489	289	199
facedb/1278392880/1505674529836569070_stereo_right_camera_7.png	1278392880	489	289	199
facedb/1278392880/1505674530078618049_stereo_right_camera_8.png	1278392880	489	289	199
facedb/1278392880/1505674530245532035_stereo_right_camera_9.png	1278392880	489	289	199
