facedb/213046464/1505676207009201049_stereo_right_camera_0.png	213046464	419	230	150
facedb/213046464/1505676207289912939_stereo_right_camera_1.png	213046464	419	230	150
facedb/213046464/1505676207381145954_stereo_right_camera_2.png	213046464	419	230	150
facedb/213046464/1505676207740775108_stereo_right_camera_3.png	213046464	419	230	150
facedb/213046464/1505676207986814975_stereo_right_camera_4.png	213046464	419	230	150
facedb/213046464/1505676208074629068_stereo_right_camera_5.png	213046464	419	230	150
facedb/213046464/1505676208507986068_stereo_right_camera_6.png	213046464	419	230	150
facedb/213046464/1505676208706430912_stereo_right_camera_7.png	213046464	419	230	150
facedb/213046464/1505676208996493101_stereo_right_camera_8.png	213046464	419	230	150
facedb/213046464/1505676209249272108_stereo_right_camera_9.png	213046464	419	230	150
