facedb/964035703/1508511715208628892_stereo_right_camera_0.png	964035703	705	481	330
facedb/964035703/1508511715331712961_stereo_right_camera_1.png	964035703	705	481	330
facedb/964035703/1508511715589366912_stereo_right_camera_2.png	964035703	705	481	330
facedb/964035703/1508511715951854944_stereo_right_camera_3.png	964035703	705	481	330
facedb/964035703/1508511716117517948_stereo_right_camera_4.png	964035703	705	481	330
facedb/964035703/1508511716387512922_stereo_right_camera_5.png	964035703	705	481	330
facedb/964035703/1508511716608577966_stereo_right_camera_6.png	964035703	705	481	330
facedb/964035703/1508511716865376949_stereo_right_camera_7.png	964035703	705	481	330
facedb/964035703/1508511717060003995_stereo_right_camera_8.png	964035703	705	481	330
facedb/964035703/1508511717242136001_stereo_right_camera_9.png	964035703	705	481	330
