facedb/1055351954/1497726042343472957_stereo_right_camera_0.png	1055351954	471	300	173
facedb/1055351954/1497726042796410083_stereo_right_camera_1.png	1055351954	471	300	173
facedb/1055351954/1497726043004196882_stereo_right_camera_2.png	1055351954	471	300	173
facedb/1055351954/1497726043328749895_stereo_right_camera_3.png	1055351954	471	300	173
facedb/1055351954/1497726043483241081_stereo_right_camera_4.png	1055351954	471	300	173
facedb/1055351954/1497726043668462038_stereo_right_camera_5.png	1055351954	471	300	173
facedb/1055351954/1497726043770437955_stereo_right_camera_6.png	1055351954	471	300	173
facedb/1055351954/1497726044138526916_stereo_right_camera_7.png	1055351954	471	300	173
facedb/1055351954/1497726044710335016_stereo_right_camera_8.png	1055351954	471	300	173
facedb/1055351954/1497726045555511951_stereo_right_camera_9.png	1055351954	471	300	173
