facedb/1762229873/1493484115120537996_stereo_left_camera_0.png	1762229873	472	319	241
facedb/1762229873/1493484115218139886_stereo_left_camera_1.png	1762229873	472	319	241
facedb/1762229873/1493484115466195106_stereo_left_camera_2.png	1762229873	472	319	241
facedb/1762229873/1493484115643414020_stereo_left_camera_3.png	1762229873	472	319	241
facedb/1762229873/1493484115742400884_stereo_left_camera_4.png	1762229873	472	319	241
facedb/1762229873/1493484115999850988_stereo_left_camera_5.png	1762229873	472	319	241
facedb/1762229873/1493484116089570999_stereo_left_camera_6.png	1762229873	472	319	241
facedb/1762229873/1493484116431840896_stereo_left_camera_7.png	1762229873	472	319	241
facedb/1762229873/1493484116782180070_stereo_left_camera_8.png	1762229873	472	319	241
facedb/1762229873/1493484116905324935_stereo_left_camera_9.png	1762229873	472	319	241
