facedb/218044022/1493485401430221080_stereo_right_camera_0.png	218044022	550	383	256
facedb/218044022/1493485401530175924_stereo_right_camera_1.png	218044022	550	383	256
facedb/218044022/1493485401744385004_stereo_right_camera_2.png	218044022	550	383	256
facedb/218044022/1493485401928693056_stereo_right_camera_3.png	218044022	550	383	256
facedb/218044022/1493485402055844068_stereo_right_camera_4.png	218044022	550	383	256
facedb/218044022/1493485402193947076_stereo_right_camera_5.png	218044022	550	383	256
facedb/218044022/1493485402419869899_stereo_right_camera_6.png	218044022	550	383	256
facedb/218044022/1493485402715677022_stereo_right_camera_7.png	218044022	550	383	256
facedb/218044022/1493485403227497100_stereo_right_camera_8.png	218044022	550	383	256
facedb/218044022/1493485403338068008_stereo_right_camera_9.png	218044022	550	383	256
