facedb/664540495/1505673835312649011_stereo_right_camera_0.png	664540495	513	285	133
facedb/664540495/1505673835506331920_stereo_right_camera_1.png	664540495	513	285	133
facedb/664540495/1505673835737535953_stereo_right_camera_2.png	664540495	513	285	133
facedb/664540495/1505673835796235084_stereo_right_camera_3.png	664540495	513	285	133
facedb/664540495/1505673836321196079_stereo_right_camera_4.png	664540495	513	285	133
facedb/664540495/1505673836393137931_stereo_right_camera_5.png	664540495	513	285	133
facedb/664540495/1505673836934644937_stereo_right_camera_6.png	664540495	513	285	133
facedb/664540495/1505673837186976909_stereo_right_camera_7.png	664540495	513	285	133
facedb/664540495/1505673837351748943_stereo_right_camera_8.png	664540495	513	285	133
facedb/664540495/1505673838296489953_stereo_right_camera_9.png	664540495	513	285	133
