facedb/1170918552/1497722186574747085_stereo_right_camera_0.png	1170918552	571	391	279
facedb/1170918552/1497722186863224983_stereo_right_camera_1.png	1170918552	571	391	279
facedb/1170918552/1497722186985676050_stereo_right_camera_2.png	1170918552	571	391	279
facedb/1170918552/1497722187171602964_stereo_right_camera_3.png	1170918552	571	391	279
facedb/1170918552/1497722187441843986_stereo_right_camera_4.png	1170918552	571	391	279
facedb/1170918552/1497722187681669950_stereo_right_camera_5.png	1170918552	571	391	279
facedb/1170918552/1497722187878894090_stereo_right_camera_6.png	1170918552	571	391	279
facedb/1170918552/1497722187977005958_stereo_right_camera_7.png	1170918552	571	391	279
facedb/1170918552/1497722188280721902_stereo_right_camera_8.png	1170918552	571	391	279
facedb/1170918552/1497722188413769960_stereo_right_camera_9.png	1170918552	571	391	279
