facedb/462326613/1491074339688472032_stereo_right_camera_0.png	462326613	401	207	78
facedb/462326613/1491074339916433095_stereo_right_camera_1.png	462326613	401	207	78
facedb/462326613/1491074340090892076_stereo_right_camera_2.png	462326613	401	207	78
facedb/462326613/1491074340326195955_stereo_right_camera_3.png	462326613	401	207	78
facedb/462326613/1491074340446480989_stereo_right_camera_4.png	462326613	401	207	78
facedb/462326613/1491074340523669958_stereo_right_camera_5.png	462326613	401	207	78
facedb/462326613/1491074340699824094_stereo_right_camera_6.png	462326613	401	207	78
facedb/462326613/1491074340938182115_stereo_right_camera_7.png	462326613	401	207	78
facedb/462326613/1491074341111705064_stereo_right_camera_8.png	462326613	401	207	78
facedb/462326613/1491074341205595970_stereo_right_camera_9.png	462326613	401	207	78
