facedb/1057769035/1495666630449887990_stereo_right_camera_0.png	1057769035	354	272	216
facedb/1057769035/1495666630787966966_stereo_right_camera_1.png	1057769035	354	272	216
facedb/1057769035/1495666630963346958_stereo_right_camera_2.png	1057769035	354	272	216
facedb/1057769035/1495666631296020030_stereo_right_camera_3.png	1057769035	354	272	216
facedb/1057769035/1495666631503128051_stereo_right_camera_4.png	1057769035	354	272	216
facedb/1057769035/1495666631708379030_stereo_right_camera_5.png	1057769035	354	272	216
facedb/1057769035/1495666631848210096_stereo_right_camera_6.png	1057769035	354	272	216
facedb/1057769035/1495666631935262918_stereo_right_camera_7.png	1057769035	354	272	216
facedb/1057769035/1495666632274574041_stereo_right_camera_8.png	1057769035	354	272	216
facedb/1057769035/1495666632354918003_stereo_right_camera_9.png	1057769035	354	272	216
