facedb/1453163508/1521914873813523054_stereo_right_camera_0.png	1453163508	491	295	196
facedb/1453163508/1521914874108740091_stereo_right_camera_1.png	1453163508	491	295	196
facedb/1453163508/1521914874292227983_stereo_right_camera_2.png	1453163508	491	295	196
facedb/1453163508/1521914875165095090_stereo_right_camera_3.png	1453163508	491	295	196
facedb/1453163508/1521914875465145111_stereo_right_camera_4.png	1453163508	491	295	196
facedb/1453163508/1521914875769321918_stereo_right_camera_5.png	1453163508	491	295	196
facedb/1453163508/1521914876090362071_stereo_right_camera_6.png	1453163508	491	295	196
facedb/1453163508/1521914876314209938_stereo_right_camera_7.png	1453163508	491	295	196
facedb/1453163508/1521914876690954923_stereo_right_camera_8.png	1453163508	491	295	196
facedb/1453163508/1521914876914307117_stereo_right_camera_9.png	1453163508	491	295	196
