facedb/56757479/1488416825978251934_stereo_right_camera_0.png	56757479	628	443	304
facedb/56757479/1488416826102076053_stereo_right_camera_1.png	56757479	628	443	304
facedb/56757479/1488416826232748031_stereo_right_camera_2.png	56757479	628	443	304
facedb/56757479/1488416826354449987_stereo_right_camera_3.png	56757479	628	443	304
facedb/56757479/1488416826472393035_stereo_right_camera_4.png	56757479	628	443	304
facedb/56757479/1488416826560245037_stereo_right_camera_5.png	56757479	628	443	304
facedb/56757479/1488416826657783031_stereo_right_camera_6.png	56757479	628	443	304
facedb/56757479/1488416827215394020_stereo_right_camera_7.png	56757479	628	443	304
facedb/56757479/1488416827348649024_stereo_right_camera_8.png	56757479	628	443	304
facedb/56757479/1488416827450341939_stereo_right_camera_9.png	56757479	628	443	304
