facedb/1937661557/1493484078744508028_stereo_right_camera_0.png	1937661557	499	367	224
facedb/1937661557/1493484078883029937_stereo_right_camera_1.png	1937661557	499	367	224
facedb/1937661557/1493484079442186117_stereo_right_camera_2.png	1937661557	499	367	224
facedb/1937661557/1493484079725857973_stereo_right_camera_3.png	1937661557	499	367	224
facedb/1937661557/1493484079823292016_stereo_right_camera_4.png	1937661557	499	367	224
facedb/1937661557/1493484080017828941_stereo_right_camera_5.png	1937661557	499	367	224
facedb/1937661557/1493484080131968021_stereo_right_camera_6.png	1937661557	499	367	224
facedb/1937661557/1493484080249947071_stereo_right_camera_7.png	1937661557	499	367	224
facedb/1937661557/1493484080366559982_stereo_right_camera_8.png	1937661557	499	367	224
facedb/1937661557/1493484080538181066_stereo_right_camera_9.png	1937661557	499	367	224
