facedb/1633425792/1495576589736680030_stereo_right_camera_0.png	1633425792	584	339	170
facedb/1633425792/1495576589942317008_stereo_right_camera_1.png	1633425792	584	339	170
facedb/1633425792/1495576590130127906_stereo_right_camera_2.png	1633425792	584	339	170
facedb/1633425792/1495576590314347982_stereo_right_camera_3.png	1633425792	584	339	170
facedb/1633425792/1495576590612876892_stereo_right_camera_4.png	1633425792	584	339	170
facedb/1633425792/1495576590859659910_stereo_right_camera_5.png	1633425792	584	339	170
facedb/1633425792/1495576591033189058_stereo_right_camera_6.png	1633425792	584	339	170
facedb/1633425792/1495576591227777957_stereo_right_camera_7.png	1633425792	584	339	170
facedb/1633425792/1495576591400336027_stereo_right_camera_8.png	1633425792	584	339	170
facedb/1633425792/1495576591499927997_stereo_right_camera_9.png	1633425792	584	339	170
