facedb/387418918/1497729287839471101_stereo_right_camera_0.png	387418918	550	399	280
facedb/387418918/1497729288080749034_stereo_right_camera_1.png	387418918	550	399	280
facedb/387418918/1497729288305380105_stereo_right_camera_2.png	387418918	550	399	280
facedb/387418918/1497729288553419113_stereo_right_camera_3.png	387418918	550	399	280
facedb/387418918/1497729288791585922_stereo_right_camera_4.png	387418918	550	399	280
facedb/387418918/1497729289040574073_stereo_right_camera_5.png	387418918	550	399	280
facedb/387418918/1497729289260215997_stereo_right_camera_6.png	387418918	550	399	280
facedb/387418918/1497729289846110105_stereo_right_camera_7.png	387418918	550	399	280
facedb/387418918/1497729290081527948_stereo_right_camera_8.png	387418918	550	399	280
facedb/387418918/1497729290311641931_stereo_right_camera_9.png	387418918	550	399	280
