facedb/1439670527/1501791221139750957_stereo_right_camera_0.png	1439670527	477	306	200
facedb/1439670527/1501791221436482906_stereo_right_camera_1.png	1439670527	477	306	200
facedb/1439670527/1501791221703345060_stereo_right_camera_2.png	1439670527	477	306	200
facedb/1439670527/1501791221925856113_stereo_right_camera_3.png	1439670527	477	306	200
facedb/1439670527/1501791222196590900_stereo_right_camera_4.png	1439670527	477	306	200
facedb/1439670527/1501791222425088882_stereo_right_camera_5.png	1439670527	477	306	200
facedb/1439670527/1501791222925304889_stereo_right_camera_6.png	1439670527	477	306	200
facedb/1439670527/1501791223154618024_stereo_right_camera_7.png	1439670527	477	306	200
facedb/1439670527/1501791223373203992_stereo_right_camera_8.png	1439670527	477	306	200
facedb/1439670527/1501791223583962917_stereo_right_camera_9.png	1439670527	477	306	200
