facedb/1768328997/1491079453022248983_stereo_right_camera_0.png	1768328997	587	370	263
facedb/1768328997/1491079453139960050_stereo_right_camera_1.png	1768328997	587	370	263
facedb/1768328997/1491079453249223947_stereo_right_camera_2.png	1768328997	587	370	263
facedb/1768328997/1491079453470630884_stereo_right_camera_3.png	1768328997	587	370	263
facedb/1768328997/1491079453586349964_stereo_right_camera_4.png	1768328997	587	370	263
facedb/1768328997/1491079453811819076_stereo_right_camera_5.png	1768328997	587	370	263
facedb/1768328997/1491079453925724029_stereo_right_camera_6.png	1768328997	587	370	263
facedb/1768328997/1491079454165170907_stereo_right_camera_7.png	1768328997	587	370	263
facedb/1768328997/1491079454276957035_stereo_right_camera_8.png	1768328997	587	370	263
facedb/1768328997/1491079454657936096_stereo_right_camera_9.png	1768328997	587	370	263
