facedb/993726844/1491062841067521095_stereo_right_camera_0.png	993726844	353	239	152
facedb/993726844/1491062841288460969_stereo_right_camera_1.png	993726844	353	239	152
facedb/993726844/1491062841448918104_stereo_right_camera_2.png	993726844	353	239	152
facedb/993726844/1491062841569999933_stereo_right_camera_3.png	993726844	353	239	152
facedb/993726844/1491062841815773010_stereo_right_camera_4.png	993726844	353	239	152
facedb/993726844/1491062841935997962_stereo_right_camera_5.png	993726844	353	239	152
facedb/993726844/1491062842130036115_stereo_right_camera_6.png	993726844	353	239	152
facedb/993726844/1491062842324373960_stereo_right_camera_7.png	993726844	353	239	152
facedb/993726844/1491062842514357089_stereo_right_camera_8.png	993726844	353	239	152
facedb/993726844/1491062842619386911_stereo_right_camera_9.png	993726844	353	239	152
