facedb/560127927/1496184524464420080_stereo_right_camera_0.png	560127927	555	348	203
facedb/560127927/1496184524648720026_stereo_right_camera_1.png	560127927	555	348	203
facedb/560127927/1496184524738517045_stereo_right_camera_2.png	560127927	555	348	203
facedb/560127927/1496184524848234891_stereo_right_camera_3.png	560127927	555	348	203
facedb/560127927/1496184525141530036_stereo_right_camera_4.png	560127927	555	348	203
facedb/560127927/1496184525319931030_stereo_right_camera_5.png	560127927	555	348	203
facedb/560127927/1496184525584274053_stereo_right_camera_6.png	560127927	555	348	203
facedb/560127927/1496184525747777938_stereo_right_camera_7.png	560127927	555	348	203
facedb/560127927/1496184525925641059_stereo_right_camera_8.png	560127927	555	348	203
facedb/560127927/1496184526102904081_stereo_right_camera_9.png	560127927	555	348	203
