facedb/957976580/1495067386892777919_stereo_right_camera_0.png	957976580	522	306	190
facedb/957976580/1495067387160748958_stereo_right_camera_1.png	957976580	522	306	190
facedb/957976580/1495067387300791025_stereo_right_camera_2.png	957976580	522	306	190
facedb/957976580/1495067387548008918_stereo_right_camera_3.png	957976580	522	306	190
facedb/957976580/1495067387676142930_stereo_right_camera_4.png	957976580	522	306	190
facedb/957976580/1495067387950884103_stereo_right_camera_5.png	957976580	522	306	190
facedb/957976580/1495067388231997966_stereo_right_camera_6.png	957976580	522	306	190
facedb/957976580/1495067388489072084_stereo_right_camera_7.png	957976580	522	306	190
facedb/957976580/1495067388619724035_stereo_right_camera_8.png	957976580	522	306	190
facedb/957976580/1495067388890523910_stereo_right_camera_9.png	957976580	522	306	190
