facedb/1387463599/1493484313563910961_stereo_right_camera_0.png	1387463599	445	322	183
facedb/1387463599/1493484313740952014_stereo_right_camera_1.png	1387463599	445	322	183
facedb/1387463599/1493484313860594987_stereo_right_camera_2.png	1387463599	445	322	183
facedb/1387463599/1493484314115206956_stereo_right_camera_3.png	1387463599	445	322	183
facedb/1387463599/1493484314221812009_stereo_right_camera_4.png	1387463599	445	322	183
facedb/1387463599/1493484314393587112_stereo_right_camera_5.png	1387463599	445	322	183
facedb/1387463599/1493484314564115047_stereo_right_camera_6.png	1387463599	445	322	183
facedb/1387463599/1493484314744709014_stereo_right_camera_7.png	1387463599	445	322	183
facedb/1387463599/1493484314845782041_stereo_right_camera_8.png	1387463599	445	322	183
facedb/1387463599/1493484315037992000_stereo_right_camera_9.png	1387463599	445	322	183
