facedb/280583924/1496182730773307085_stereo_right_camera_0.png	280583924	549	313	171
facedb/280583924/1496182730887981891_stereo_right_camera_1.png	280583924	549	313	171
facedb/280583924/1496182731134742021_stereo_right_camera_2.png	280583924	549	313	171
facedb/280583924/1496182731318501949_stereo_right_camera_3.png	280583924	549	313	171
facedb/280583924/1496182731474222898_stereo_right_camera_4.png	280583924	549	313	171
facedb/280583924/1496182731607975006_stereo_right_camera_5.png	280583924	549	313	171
facedb/280583924/1496182731817063093_stereo_right_camera_6.png	280583924	549	313	171
facedb/280583924/1496182732003411054_stereo_right_camera_7.png	280583924	549	313	171
facedb/280583924/1496182732151602983_stereo_right_camera_8.png	280583924	549	313	171
facedb/280583924/1496182732325683116_stereo_right_camera_9.png	280583924	549	313	171
