facedb/1482201217/1495066708008222103_stereo_right_camera_0.png	1482201217	435	236	129
facedb/1482201217/1495066708229217052_stereo_right_camera_1.png	1482201217	435	236	129
facedb/1482201217/1495066708657351016_stereo_right_camera_2.png	1482201217	435	236	129
facedb/1482201217/1495066708769671916_stereo_right_camera_3.png	1482201217	435	236	129
facedb/1482201217/1495066708978144884_stereo_right_camera_4.png	1482201217	435	236	129
facedb/1482201217/1495066709078700065_stereo_right_camera_5.png	1482201217	435	236	129
facedb/1482201217/1495066709261523008_stereo_right_camera_6.png	1482201217	435	236	129
facedb/1482201217/1495066709569005012_stereo_right_camera_7.png	1482201217	435	236	129
facedb/1482201217/1495066709694957971_stereo_right_camera_8.png	1482201217	435	236	129
facedb/1482201217/1495066709947357892_stereo_right_camera_9.png	1482201217	435	236	129
