facedb/298999135/1491072654022968053_stereo_right_camera_0.png	298999135	643	241	81
facedb/298999135/1491072654128926992_stereo_right_camera_1.png	298999135	643	241	81
facedb/298999135/1491072654226435899_stereo_right_camera_2.png	298999135	643	241	81
facedb/298999135/1491072654598133087_stereo_right_camera_3.png	298999135	643	241	81
facedb/298999135/1491072654871474981_stereo_right_camera_4.png	298999135	643	241	81
facedb/298999135/1491072654956327915_stereo_right_camera_5.png	298999135	643	241	81
facedb/298999135/1491072655206581115_stereo_right_camera_6.png	298999135	643	241	81
facedb/298999135/1491072655473118066_stereo_right_camera_7.png	298999135	643	241	81
facedb/298999135/1491072655608153104_stereo_right_camera_8.png	298999135	643	241	81
facedb/298999135/1491072655702543020_stereo_right_camera_9.png	298999135	643	241	81
