facedb/629969183/1521911475607992887_stereo_right_camera_0.png	629969183	438	329	202
facedb/629969183/1521911475843880891_stereo_right_camera_1.png	629969183	438	329	202
facedb/629969183/1521911476165426015_stereo_right_camera_2.png	629969183	438	329	202
facedb/629969183/1521911476464684009_stereo_right_camera_3.png	629969183	438	329	202
facedb/629969183/1521911476742757081_stereo_right_camera_4.png	629969183	438	329	202
facedb/629969183/1521911476932600021_stereo_right_camera_5.png	629969183	438	329	202
facedb/629969183/1521911477495302915_stereo_right_camera_6.png	629969183	438	329	202
facedb/629969183/1521911477805547952_stereo_right_camera_7.png	629969183	438	329	202
facedb/629969183/1521911478005048990_stereo_right_camera_8.png	629969183	438	329	202
facedb/629969183/1521911478201246976_stereo_right_camera_9.png	629969183	438	329	202
