facedb/1560852537/1491054132390778064_stereo_right_camera_0.png	1560852537	434	174	51
facedb/1560852537/1491054132503499031_stereo_right_camera_1.png	1560852537	434	174	51
facedb/1560852537/1491054132576283931_stereo_right_camera_2.png	1560852537	434	174	51
facedb/1560852537/1491054132731676101_stereo_right_camera_3.png	1560852537	434	174	51
facedb/1560852537/1491054132831968069_stereo_right_camera_4.png	1560852537	434	174	51
facedb/1560852537/1491054132906092882_stereo_right_camera_5.png	1560852537	434	174	51
facedb/1560852537/1491054133154840946_stereo_right_camera_6.png	1560852537	434	174	51
facedb/1560852537/1491054133473593950_stereo_right_camera_7.png	1560852537	434	174	51
facedb/1560852537/1491054133883394956_stereo_right_camera_8.png	1560852537	434	174	51
facedb/1560852537/1491054134218534946_stereo_right_camera_9.png	1560852537	434	174	51
