facedb/306072100/1521909331031056880_stereo_right_camera_0.png	306072100	401	187	91
facedb/306072100/1521909331220506906_stereo_right_camera_1.png	306072100	401	187	91
facedb/306072100/1521909331507906913_stereo_right_camera_2.png	306072100	401	187	91
facedb/306072100/1521909331690336942_stereo_right_camera_3.png	306072100	401	187	91
facedb/306072100/1521909331988853931_stereo_right_camera_4.png	306072100	401	187	91
facedb/306072100/1521909332320410966_stereo_right_camera_5.png	306072100	401	187	91
facedb/306072100/1521909332678064107_stereo_right_camera_6.png	306072100	401	187	91
facedb/306072100/1521909332948750972_stereo_right_camera_7.png	306072100	401	187	91
facedb/306072100/1521909333159271001_stereo_right_camera_8.png	306072100	401	187	91
facedb/306072100/1521909333459057092_stereo_right_camera_9.png	306072100	401	187	91
