facedb/1301241761/1497724812765492916_stereo_right_camera_0.png	1301241761	441	272	162
facedb/1301241761/1497724813202203989_stereo_right_camera_1.png	1301241761	441	272	162
facedb/1301241761/1497724813365434885_stereo_right_camera_2.png	1301241761	441	272	162
facedb/1301241761/1497724813549329042_stereo_right_camera_3.png	1301241761	441	272	162
facedb/1301241761/1497724813792555093_stereo_right_camera_4.png	1301241761	441	272	162
facedb/1301241761/1497724814023550033_stereo_right_camera_5.png	1301241761	441	272	162
facedb/1301241761/1497724814262419939_stereo_right_camera_6.png	1301241761	441	272	162
facedb/1301241761/1497724814446543931_stereo_right_camera_7.png	1301241761	441	272	162
facedb/1301241761/1497724814637255907_stereo_right_camera_8.png	1301241761	441	272	162
facedb/1301241761/1497724814920571088_stereo_right_camera_9.png	1301241761	441	272	162
