facedb/1959732937/1495576595671432971_stereo_right_camera_0.png	1959732937	582	368	211
facedb/1959732937/1495576595792572975_stereo_right_camera_1.png	1959732937	582	368	211
facedb/1959732937/1495576595997317075_stereo_right_camera_2.png	1959732937	582	368	211
facedb/1959732937/1495576596293390989_stereo_right_camera_3.png	1959732937	582	368	211
facedb/1959732937/1495576596510706901_stereo_right_camera_4.png	1959732937	582	368	211
facedb/1959732937/1495576596713640928_stereo_right_camera_5.png	1959732937	582	368	211
facedb/1959732937/1495576596817606925_stereo_right_camera_6.png	1959732937	582	368	211
facedb/1959732937/1495576597019927978_stereo_right_camera_7.png	1959732937	582	368	211
facedb/1959732937/1495576597226946115_stereo_right_camera_8.png	1959732937	582	368	211
facedb/1959732937/1495576597406900882_stereo_right_camera_9.png	1959732937	582	368	211
