facedb/936608815/1491062632378087997_stereo_right_camera_0.png	936608815	424	197	99
facedb/936608815/1491062632486736059_stereo_right_camera_1.png	936608815	424	197	99
facedb/936608815/1491062632594093084_stereo_right_camera_2.png	936608815	424	197	99
facedb/936608815/1491062632958956003_stereo_right_camera_3.png	936608815	424	197	99
facedb/936608815/1491062633057787895_stereo_right_camera_4.png	936608815	424	197	99
facedb/936608815/1491062633159112930_stereo_right_camera_5.png	936608815	424	197	99
facedb/936608815/1491062633281491041_stereo_right_camera_6.png	936608815	424	197	99
facedb/936608815/1491062633380415916_stereo_right_camera_7.png	936608815	424	197	99
facedb/936608815/1491062633504460096_stereo_right_camera_8.png	936608815	424	197	99
facedb/936608815/1491062633624896049_stereo_right_camera_9.png	936608815	424	197	99
