facedb/283188021/1490469742368123054_stereo_right_camera_0.png	283188021	539	385	262
facedb/283188021/1490469742487931966_stereo_right_camera_1.png	283188021	539	385	262
facedb/283188021/1490469742571993112_stereo_right_camera_2.png	283188021	539	385	262
facedb/283188021/1490469742661690950_stereo_right_camera_3.png	283188021	539	385	262
facedb/283188021/1490469742847176074_stereo_right_camera_4.png	283188021	539	385	262
facedb/283188021/1490469743097815036_stereo_right_camera_5.png	283188021	539	385	262
facedb/283188021/1490469743175071954_stereo_right_camera_6.png	283188021	539	385	262
facedb/283188021/1490469743429374933_stereo_right_camera_7.png	283188021	539	385	262
facedb/283188021/1490469743694643974_stereo_right_camera_8.png	283188021	539	385	262
facedb/283188021/1490469743772255897_stereo_right_camera_9.png	283188021	539	385	262
