facedb/919763958/1490464546627127885_stereo_right_camera_0.png	919763958	480	291	133
facedb/919763958/1490464546728617906_stereo_right_camera_1.png	919763958	480	291	133
facedb/919763958/1490464546838944911_stereo_right_camera_2.png	919763958	480	291	133
facedb/919763958/1490464547220813035_stereo_right_camera_3.png	919763958	480	291	133
facedb/919763958/1490464547321290969_stereo_right_camera_4.png	919763958	480	291	133
facedb/919763958/1490464547415575027_stereo_right_camera_5.png	919763958	480	291	133
facedb/919763958/1490464547521676063_stereo_right_camera_6.png	919763958	480	291	133
facedb/919763958/1490464547662475109_stereo_right_camera_7.png	919763958	480	291	133
facedb/919763958/1490464547820096969_stereo_right_camera_8.png	919763958	480	291	133
facedb/919763958/1490464547928766012_stereo_right_camera_9.png	919763958	480	291	133
