facedb/1858764536/1490464801771831989_stereo_right_camera_0.png	1858764536	669	508	397
facedb/1858764536/1490464801869611978_stereo_right_camera_1.png	1858764536	669	508	397
facedb/1858764536/1490464802013155937_stereo_right_camera_2.png	1858764536	669	508	397
facedb/1858764536/1490464802171663045_stereo_right_camera_3.png	1858764536	669	508	397
facedb/1858764536/1490464802280313014_stereo_right_camera_4.png	1858764536	669	508	397
facedb/1858764536/1490464802507065057_stereo_right_camera_5.png	1858764536	669	508	397
facedb/1858764536/1490464802632392883_stereo_right_camera_6.png	1858764536	669	508	397
facedb/1858764536/1490464802892041921_stereo_right_camera_7.png	1858764536	669	508	397
facedb/1858764536/1490464803029323101_stereo_right_camera_8.png	1858764536	669	508	397
facedb/1858764536/1490464803144227981_stereo_right_camera_9.png	1858764536	669	508	397
