facedb/1335359980/1521766883476367950_stereo_right_camera_0.png	1335359980	614	416	230
facedb/1335359980/1521766883590225934_stereo_right_camera_1.png	1335359980	614	416	230
facedb/1335359980/1521766883975691080_stereo_right_camera_2.png	1335359980	614	416	230
facedb/1335359980/1521766884325035095_stereo_right_camera_3.png	1335359980	614	416	230
facedb/1335359980/1521766884621326923_stereo_right_camera_4.png	1335359980	614	416	230
facedb/1335359980/1521766884937922000_stereo_right_camera_5.png	1335359980	614	416	230
facedb/1335359980/1521766885228104114_stereo_right_camera_6.png	1335359980	614	416	230
facedb/1335359980/1521766885554519891_stereo_right_camera_7.png	1335359980	614	416	230
facedb/1335359980/1521766885883379936_stereo_right_camera_8.png	1335359980	614	416	230
facedb/1335359980/1521766886217783927_stereo_right_camera_9.png	1335359980	614	416	230
