facedb/903556987/1494100037254519939_stereo_right_camera_0.png	903556987	494	333	199
facedb/903556987/1494100037433334112_stereo_right_camera_1.png	903556987	494	333	199
facedb/903556987/1494100037505029916_stereo_right_camera_2.png	903556987	494	333	199
facedb/903556987/1494100037691646099_stereo_right_camera_3.png	903556987	494	333	199
facedb/903556987/1494100037869358062_stereo_right_camera_4.png	903556987	494	333	199
facedb/903556987/1494100038034208059_stereo_right_camera_5.png	903556987	494	333	199
facedb/903556987/1494100038214837074_stereo_right_camera_6.png	903556987	494	333	199
facedb/903556987/1494100038375607013_stereo_right_camera_7.png	903556987	494	333	199
facedb/903556987/1494100038610225915_stereo_right_camera_8.png	903556987	494	333	199
facedb/903556987/1494100038724301099_stereo_right_camera_9.png	903556987	494	333	199
