facedb/610595138/1490464827319370031_stereo_right_camera_0.png	610595138	503	291	162
facedb/610595138/1490464827425290107_stereo_right_camera_1.png	610595138	503	291	162
facedb/610595138/1490464827549325942_stereo_right_camera_2.png	610595138	503	291	162
facedb/610595138/1490464827760075092_stereo_right_camera_3.png	610595138	503	291	162
facedb/610595138/1490464827888452053_stereo_right_camera_4.png	610595138	503	291	162
facedb/610595138/1490464828009346961_stereo_right_camera_5.png	610595138	503	291	162
facedb/610595138/1490464828130925893_stereo_right_camera_6.png	610595138	503	291	162
facedb/610595138/1490464828208091974_stereo_right_camera_7.png	610595138	503	291	162
facedb/610595138/1490464828305607080_stereo_right_camera_8.png	610595138	503	291	162
facedb/610595138/1490464828543582916_stereo_right_camera_9.png	610595138	503	291	162
