facedb/1427325222/1523812900628664016_stereo_right_camera_0.png	1427325222	665	430	294
facedb/1427325222/1523812900883394002_stereo_right_camera_1.png	1427325222	665	430	294
facedb/1427325222/1523812901099999904_stereo_right_camera_2.png	1427325222	665	430	294
facedb/1427325222/1523812901310369968_stereo_right_camera_3.png	1427325222	665	430	294
facedb/1427325222/1523812901659022092_stereo_right_camera_4.png	1427325222	665	430	294
facedb/1427325222/1523812901887650966_stereo_right_camera_5.png	1427325222	665	430	294
facedb/1427325222/1523812902090564966_stereo_right_camera_6.png	1427325222	665	430	294
facedb/1427325222/1523812902310266971_stereo_right_camera_7.png	1427325222	665	430	294
facedb/1427325222/1523812902663387060_stereo_right_camera_8.png	1427325222	665	430	294
facedb/1427325222/1523812902925925970_stereo_right_camera_9.png	1427325222	665	430	294
