facedb/1911777120/1490469545182197093_stereo_right_camera_0.png	1911777120	563	326	183
facedb/1911777120/1490469545393023014_stereo_right_camera_1.png	1911777120	563	326	183
facedb/1911777120/1490469545676639080_stereo_right_camera_2.png	1911777120	563	326	183
facedb/1911777120/1490469545834682941_stereo_right_camera_3.png	1911777120	563	326	183
facedb/1911777120/1490469545920350074_stereo_right_camera_4.png	1911777120	563	326	183
facedb/1911777120/1490469546028393983_stereo_right_camera_5.png	1911777120	563	326	183
facedb/1911777120/1490469546284703016_stereo_right_camera_6.png	1911777120	563	326	183
facedb/1911777120/1490469546375756025_stereo_right_camera_7.png	1911777120	563	326	183
facedb/1911777120/1490469546536561965_stereo_right_camera_8.png	1911777120	563	326	183
facedb/1911777120/1490469546686521053_stereo_right_camera_9.png	1911777120	563	326	183
