facedb/847914962/1491146032743561983_stereo_right_camera_0.png	847914962	520	281	162
facedb/847914962/1491146032967529058_stereo_right_camera_1.png	847914962	520	281	162
facedb/847914962/1491146033067888975_stereo_right_camera_2.png	847914962	520	281	162
facedb/847914962/1491146033226664066_stereo_right_camera_3.png	847914962	520	281	162
facedb/847914962/1491146033310389995_stereo_right_camera_4.png	847914962	520	281	162
facedb/847914962/1491146033493514060_stereo_right_camera_5.png	847914962	520	281	162
facedb/847914962/1491146033684113025_stereo_right_camera_6.png	847914962	520	281	162
facedb/847914962/1491146033756814956_stereo_right_camera_7.png	847914962	520	281	162
facedb/847914962/1491146033864304065_stereo_right_camera_8.png	847914962	520	281	162
facedb/847914962/1491146034132220983_stereo_right_camera_9.png	847914962	520	281	162
