facedb/363901595/1501789695661051034_stereo_right_camera_0.png	363901595	501	328	208
facedb/363901595/1501789695964669942_stereo_right_camera_1.png	363901595	501	328	208
facedb/363901595/1501789696055623054_stereo_right_camera_2.png	363901595	501	328	208
facedb/363901595/1501789696416744947_stereo_right_camera_3.png	363901595	501	328	208
facedb/363901595/1501789696514705896_stereo_right_camera_4.png	363901595	501	328	208
facedb/363901595/1501789696715986967_stereo_right_camera_5.png	363901595	501	328	208
facedb/363901595/1501789696892488956_stereo_right_camera_6.png	363901595	501	328	208
facedb/363901595/1501789697095226049_stereo_right_camera_7.png	363901595	501	328	208
facedb/363901595/1501789697512732028_stereo_right_camera_8.png	363901595	501	328	208
facedb/363901595/1501789697702625989_stereo_right_camera_9.png	363901595	501	328	208
