facedb/1808391162/1495671591508163928_stereo_right_camera_0.png	1808391162	600	438	275
facedb/1808391162/1495671591776985883_stereo_right_camera_1.png	1808391162	600	438	275
facedb/1808391162/1495671591950308084_stereo_right_camera_2.png	1808391162	600	438	275
facedb/1808391162/1495671592120172977_stereo_right_camera_3.png	1808391162	600	438	275
facedb/1808391162/1495671592717288970_stereo_right_camera_4.png	1808391162	600	438	275
facedb/1808391162/1495671592901916027_stereo_right_camera_5.png	1808391162	600	438	275
facedb/1808391162/1495671593068845033_stereo_right_camera_6.png	1808391162	600	438	275
facedb/1808391162/1495671593227713108_stereo_right_camera_7.png	1808391162	600	438	275
facedb/1808391162/1495671593418554067_stereo_right_camera_8.png	1808391162	600	438	275
facedb/1808391162/1495671593585705041_stereo_right_camera_9.png	1808391162	600	438	275
