facedb/378434485/1491074389084928989_stereo_right_camera_0.png	378434485	505	312	182
facedb/378434485/1491074389231669902_stereo_right_camera_1.png	378434485	505	312	182
facedb/378434485/1491074389363634109_stereo_right_camera_2.png	378434485	505	312	182
facedb/378434485/1491074389595540046_stereo_right_camera_3.png	378434485	505	312	182
facedb/378434485/1491074389713706970_stereo_right_camera_4.png	378434485	505	312	182
facedb/378434485/1491074390060388088_stereo_right_camera_5.png	378434485	505	312	182
facedb/378434485/1491074390166491031_stereo_right_camera_6.png	378434485	505	312	182
facedb/378434485/1491074390410628080_stereo_right_camera_7.png	378434485	505	312	182
facedb/378434485/1491074390629542112_stereo_right_camera_8.png	378434485	505	312	182
facedb/378434485/1491074391155324935_stereo_right_camera_9.png	378434485	505	312	182
