facedb/1599279079/1491059599147581100_stereo_right_camera_0.png	1599279079	484	274	180
facedb/1599279079/1491059599347918987_stereo_right_camera_1.png	1599279079	484	274	180
facedb/1599279079/1491059599451477050_stereo_right_camera_2.png	1599279079	484	274	180
facedb/1599279079/1491059599553858995_stereo_right_camera_3.png	1599279079	484	274	180
facedb/1599279079/1491059599866584062_stereo_right_camera_4.png	1599279079	484	274	180
facedb/1599279079/1491059599977138996_stereo_right_camera_5.png	1599279079	484	274	180
facedb/1599279079/1491059600077527999_stereo_right_camera_6.png	1599279079	484	274	180
facedb/1599279079/1491059600851129055_stereo_right_camera_7.png	1599279079	484	274	180
facedb/1599279079/1491059600934267044_stereo_right_camera_8.png	1599279079	484	274	180
facedb/1599279079/1491059601108124971_stereo_right_camera_9.png	1599279079	484	274	180
