facedb/598011311/1493486765710187911_stereo_right_camera_0.png	598011311	404	260	127
facedb/598011311/1493486765801207065_stereo_right_camera_1.png	598011311	404	260	127
facedb/598011311/1493486766114083051_stereo_right_camera_2.png	598011311	404	260	127
facedb/598011311/1493486766233834028_stereo_right_camera_3.png	598011311	404	260	127
facedb/598011311/1493486766452761888_stereo_right_camera_4.png	598011311	404	260	127
facedb/598011311/1493486766559506893_stereo_right_camera_5.png	598011311	404	260	127
facedb/598011311/1493486766809953927_stereo_right_camera_6.png	598011311	404	260	127
facedb/598011311/1493486767300079107_stereo_right_camera_7.png	598011311	404	260	127
facedb/598011311/1493486767646074056_stereo_right_camera_8.png	598011311	404	260	127
facedb/598011311/1493486767888582944_stereo_right_camera_9.png	598011311	404	260	127
