facedb/1392038365/1495576651359220027_stereo_right_camera_0.png	1392038365	552	270	190
facedb/1392038365/1495576651776098012_stereo_right_camera_1.png	1392038365	552	270	190
facedb/1392038365/1495576651895900011_stereo_right_camera_2.png	1392038365	552	270	190
facedb/1392038365/1495576652104173898_stereo_right_camera_3.png	1392038365	552	270	190
facedb/1392038365/1495576652298984050_stereo_right_camera_4.png	1392038365	552	270	190
facedb/1392038365/1495576652497267961_stereo_right_camera_5.png	1392038365	552	270	190
facedb/1392038365/1495576653139851093_stereo_right_camera_6.png	1392038365	552	270	190
facedb/1392038365/1495576653523969888_stereo_right_camera_7.png	1392038365	552	270	190
facedb/1392038365/1495576653614881992_stereo_right_camera_8.png	1392038365	552	270	190
facedb/1392038365/1495576653918925046_stereo_right_camera_9.png	1392038365	552	270	190
