facedb/1652972419/1501629277025814056_stereo_right_camera_0.png	1652972419	714	370	226
facedb/1652972419/1501629277234895944_stereo_right_camera_1.png	1652972419	714	370	226
facedb/1652972419/1501629277567154884_stereo_right_camera_2.png	1652972419	714	370	226
facedb/1652972419/1501629277665519952_stereo_right_camera_3.png	1652972419	714	370	226
facedb/1652972419/1501629277889363050_stereo_right_camera_4.png	1652972419	714	370	226
facedb/1652972419/1501629277983978986_stereo_right_camera_5.png	1652972419	714	370	226
facedb/1652972419/1501629278749608993_stereo_right_camera_6.png	1652972419	714	370	226
facedb/1652972419/1501629278869622945_stereo_right_camera_7.png	1652972419	714	370	226
facedb/1652972419/1501629279120780944_stereo_right_camera_8.png	1652972419	714	370	226
facedb/1652972419/1501629279244694948_stereo_right_camera_9.png	1652972419	714	370	226
