facedb/712235703/1508604599562951087_stereo_right_camera_0.png	712235703	900	381	247
facedb/712235703/1508604599752748012_stereo_right_camera_1.png	712235703	900	381	247
facedb/712235703/1508604600049251079_stereo_right_camera_2.png	712235703	900	381	247
facedb/712235703/1508604600049535036_stereo_right_camera_3.png	712235703	900	381	247
facedb/712235703/1508604600557024955_stereo_right_camera_4.png	712235703	900	381	247
facedb/712235703/1508604600772404909_stereo_right_camera_5.png	712235703	900	381	247
facedb/712235703/1508604601032907009_stereo_right_camera_6.png	712235703	900	381	247
facedb/712235703/1508604601290155887_stereo_right_camera_7.png	712235703	900	381	247
facedb/712235703/1508604601528059005_stereo_right_camera_8.png	712235703	900	381	247
facedb/712235703/1508604601843930959_stereo_right_camera_9.png	712235703	900	381	247
