facedb/1203847395/1491086147868729114_stereo_right_camera_0.png	1203847395	464	200	97
facedb/1203847395/1491086147995197057_stereo_right_camera_1.png	1203847395	464	200	97
facedb/1203847395/1491086148237886905_stereo_right_camera_2.png	1203847395	464	200	97
facedb/1203847395/1491086148877588987_stereo_right_camera_3.png	1203847395	464	200	97
facedb/1203847395/1491086149084115982_stereo_right_camera_4.png	1203847395	464	200	97
facedb/1203847395/1491086149219281911_stereo_right_camera_5.png	1203847395	464	200	97
facedb/1203847395/1491086149335690975_stereo_right_camera_6.png	1203847395	464	200	97
facedb/1203847395/1491086149667037010_stereo_right_camera_7.png	1203847395	464	200	97
facedb/1203847395/1491086149904608011_stereo_right_camera_8.png	1203847395	464	200	97
facedb/1203847395/1491086150107558965_stereo_right_camera_9.png	1203847395	464	200	97
