facedb/1942655115/1495666129963107109_stereo_right_camera_0.png	1942655115	423	354	250
facedb/1942655115/1495666130074840068_stereo_right_camera_1.png	1942655115	423	354	250
facedb/1942655115/1495666130258888959_stereo_right_camera_2.png	1942655115	423	354	250
facedb/1942655115/1495666130460329055_stereo_right_camera_3.png	1942655115	423	354	250
facedb/1942655115/1495666130642623901_stereo_right_camera_4.png	1942655115	423	354	250
facedb/1942655115/1495666130791862964_stereo_right_camera_5.png	1942655115	423	354	250
facedb/1942655115/1495666130947881937_stereo_right_camera_6.png	1942655115	423	354	250
facedb/1942655115/1495666131110306978_stereo_right_camera_7.png	1942655115	423	354	250
facedb/1942655115/1495666131294241905_stereo_right_camera_8.png	1942655115	423	354	250
facedb/1942655115/1495666131468576908_stereo_right_camera_9.png	1942655115	423	354	250
