facedb/1515360570/1491079574363584041_stereo_right_camera_0.png	1515360570	687	297	143
facedb/1515360570/1491079574755899906_stereo_right_camera_1.png	1515360570	687	297	143
facedb/1515360570/1491079574873622894_stereo_right_camera_2.png	1515360570	687	297	143
facedb/1515360570/1491079575010442972_stereo_right_camera_3.png	1515360570	687	297	143
facedb/1515360570/1491079575417356967_stereo_right_camera_4.png	1515360570	687	297	143
facedb/1515360570/1491079575773411035_stereo_right_camera_5.png	1515360570	687	297	143
facedb/1515360570/1491079575929105997_stereo_right_camera_6.png	1515360570	687	297	143
facedb/1515360570/1491079576340563058_stereo_right_camera_7.png	1515360570	687	297	143
facedb/1515360570/1491079577164412021_stereo_right_camera_8.png	1515360570	687	297	143
facedb/1515360570/1491079577369930028_stereo_right_camera_9.png	1515360570	687	297	143
