facedb/560813989/1495672371601727962_stereo_right_camera_0.png	560813989	373	258	159
facedb/560813989/1495672371898406982_stereo_right_camera_1.png	560813989	373	258	159
facedb/560813989/1495672372081952095_stereo_right_camera_2.png	560813989	373	258	159
facedb/560813989/1495672372280316114_stereo_right_camera_3.png	560813989	373	258	159
facedb/560813989/1495672372374908924_stereo_right_camera_4.png	560813989	373	258	159
facedb/560813989/1495672372706204891_stereo_right_camera_5.png	560813989	373	258	159
facedb/560813989/1495672372893809080_stereo_right_camera_6.png	560813989	373	258	159
facedb/560813989/1495672373138740062_stereo_right_camera_7.png	560813989	373	258	159
facedb/560813989/1495672373301775932_stereo_right_camera_8.png	560813989	373	258	159
facedb/560813989/1495672373602019071_stereo_right_camera_9.png	560813989	373	258	159
