facedb/1094021805/1495666867941261053_stereo_right_camera_0.png	1094021805	414	300	213
facedb/1094021805/1495666868316325902_stereo_right_camera_1.png	1094021805	414	300	213
facedb/1094021805/1495666868484935045_stereo_right_camera_2.png	1094021805	414	300	213
facedb/1094021805/1495666868721191883_stereo_right_camera_3.png	1094021805	414	300	213
facedb/1094021805/1495666868894345998_stereo_right_camera_4.png	1094021805	414	300	213
facedb/1094021805/1495666869129928112_stereo_right_camera_5.png	1094021805	414	300	213
facedb/1094021805/1495666869469181060_stereo_right_camera_6.png	1094021805	414	300	213
facedb/1094021805/1495666869622390031_stereo_right_camera_7.png	1094021805	414	300	213
facedb/1094021805/1495666869884270906_stereo_right_camera_8.png	1094021805	414	300	213
facedb/1094021805/1495666870074044942_stereo_right_camera_9.png	1094021805	414	300	213
