facedb/429708238/1521907039862016916_stereo_right_camera_0.png	429708238	517	324	212
facedb/429708238/1521907040095026016_stereo_right_camera_1.png	429708238	517	324	212
facedb/429708238/1521907040495661973_stereo_right_camera_2.png	429708238	517	324	212
facedb/429708238/1521907040713335037_stereo_right_camera_3.png	429708238	517	324	212
facedb/429708238/1521907041018843889_stereo_right_camera_4.png	429708238	517	324	212
facedb/429708238/1521907041189023017_stereo_right_camera_5.png	429708238	517	324	212
facedb/429708238/1521907041558641910_stereo_right_camera_6.png	429708238	517	324	212
facedb/429708238/1521907041868558883_stereo_right_camera_7.png	429708238	517	324	212
facedb/429708238/1521907042079215049_stereo_right_camera_8.png	429708238	517	324	212
facedb/429708238/1521907042415081024_stereo_right_camera_9.png	429708238	517	324	212
