facedb/80034564/1493484678092506885_stereo_right_camera_0.png	80034564	399	277	177
facedb/80034564/1493484678365658998_stereo_right_camera_1.png	80034564	399	277	177
facedb/80034564/1493484678610543012_stereo_right_camera_2.png	80034564	399	277	177
facedb/80034564/1493484678959804058_stereo_right_camera_3.png	80034564	399	277	177
facedb/80034564/1493484679224895954_stereo_right_camera_4.png	80034564	399	277	177
facedb/80034564/1493484679358392953_stereo_right_camera_5.png	80034564	399	277	177
facedb/80034564/1493484679492958068_stereo_right_camera_6.png	80034564	399	277	177
facedb/80034564/1493484679743630886_stereo_right_camera_7.png	80034564	399	277	177
facedb/80034564/1493484679993463039_stereo_right_camera_8.png	80034564	399	277	177
facedb/80034564/1493484680134613990_stereo_right_camera_9.png	80034564	399	277	177
