facedb/148728486/1491073886252950906_stereo_right_camera_0.png	148728486	481	309	200
facedb/148728486/1491073886408256053_stereo_right_camera_1.png	148728486	481	309	200
facedb/148728486/1491073886552829027_stereo_right_camera_2.png	148728486	481	309	200
facedb/148728486/1491073886637336015_stereo_right_camera_3.png	148728486	481	309	200
facedb/148728486/1491073886804660081_stereo_right_camera_4.png	148728486	481	309	200
facedb/148728486/1491073886897135972_stereo_right_camera_5.png	148728486	481	309	200
facedb/148728486/1491073887068928956_stereo_right_camera_6.png	148728486	481	309	200
facedb/148728486/1491073887219964981_stereo_right_camera_7.png	148728486	481	309	200
facedb/148728486/1491073887383682966_stereo_right_camera_8.png	148728486	481	309	200
facedb/148728486/1491073887600212097_stereo_right_camera_9.png	148728486	481	309	200
