facedb/1543124213/1490467706203855037_stereo_right_camera_0.png	1543124213	586	405	258
facedb/1543124213/1490467706290821075_stereo_right_camera_1.png	1543124213	586	405	258
facedb/1543124213/1490467706382426977_stereo_right_camera_2.png	1543124213	586	405	258
facedb/1543124213/1490467706473782062_stereo_right_camera_3.png	1543124213	586	405	258
facedb/1543124213/1490467706574536085_stereo_right_camera_4.png	1543124213	586	405	258
facedb/1543124213/1490467706697208881_stereo_right_camera_5.png	1543124213	586	405	258
facedb/1543124213/1490467706801497936_stereo_right_camera_6.png	1543124213	586	405	258
facedb/1543124213/1490467706946800947_stereo_right_camera_7.png	1543124213	586	405	258
facedb/1543124213/1490467707108566045_stereo_right_camera_8.png	1543124213	586	405	258
facedb/1543124213/1490467707207787036_stereo_right_camera_9.png	1543124213	586	405	258
