facedb/1783293410/1495066713569642066_stereo_right_camera_0.png	1783293410	419	260	130
facedb/1783293410/1495066714072400093_stereo_right_camera_1.png	1783293410	419	260	130
facedb/1783293410/1495066714745663881_stereo_right_camera_2.png	1783293410	419	260	130
facedb/1783293410/1495066715022558927_stereo_right_camera_3.png	1783293410	419	260	130
facedb/1783293410/1495066715274137020_stereo_right_camera_4.png	1783293410	419	260	130
facedb/1783293410/1495066715387548923_stereo_right_camera_5.png	1783293410	419	260	130
facedb/1783293410/1495066715604562044_stereo_right_camera_6.png	1783293410	419	260	130
facedb/1783293410/1495066715711812019_stereo_right_camera_7.png	1783293410	419	260	130
facedb/1783293410/1495066715817017078_stereo_right_camera_8.png	1783293410	419	260	130
facedb/1783293410/1495066716568542003_stereo_right_camera_9.png	1783293410	419	260	130
