facedb/471695410/1490466129342820882_stereo_right_camera_0.png	471695410	468	306	210
facedb/471695410/1490466129428541898_stereo_right_camera_1.png	471695410	468	306	210
facedb/471695410/1490466129531141042_stereo_right_camera_2.png	471695410	468	306	210
facedb/471695410/1490466129633565902_stereo_right_camera_3.png	471695410	468	306	210
facedb/471695410/1490466129803318023_stereo_right_camera_4.png	471695410	468	306	210
facedb/471695410/1490466129873822927_stereo_right_camera_5.png	471695410	468	306	210
facedb/471695410/1490466130107791900_stereo_right_camera_6.png	471695410	468	306	210
facedb/471695410/1490466130257363080_stereo_right_camera_7.png	471695410	468	306	210
facedb/471695410/1490466130340363025_stereo_right_camera_8.png	471695410	468	306	210
facedb/471695410/1490466130433676004_stereo_right_camera_9.png	471695410	468	306	210
