facedb/1355066419/1493488238451462984_stereo_right_camera_0.png	1355066419	558	293	113
facedb/1355066419/1493488238695775032_stereo_right_camera_1.png	1355066419	558	293	113
facedb/1355066419/1493488239580558061_stereo_right_camera_2.png	1355066419	558	293	113
facedb/1355066419/1493488239740782022_stereo_right_camera_3.png	1355066419	558	293	113
facedb/1355066419/1493488240090475082_stereo_right_camera_4.png	1355066419	558	293	113
facedb/1355066419/1493488240261127948_stereo_right_camera_5.png	1355066419	558	293	113
facedb/1355066419/1493488240434498071_stereo_right_camera_6.png	1355066419	558	293	113
facedb/1355066419/1493488240597270011_stereo_right_camera_7.png	1355066419	558	293	113
facedb/1355066419/1493488240757189989_stereo_right_camera_8.png	1355066419	558	293	113
facedb/1355066419/1493488241097276926_stereo_right_camera_9.png	1355066419	558	293	113
