facedb/1183957493/1505676081929843902_stereo_right_camera_0.png	1183957493	498	283	187
facedb/1183957493/1505676082194535017_stereo_right_camera_1.png	1183957493	498	283	187
facedb/1183957493/1505676082479706048_stereo_right_camera_2.png	1183957493	498	283	187
facedb/1183957493/1505676082667059898_stereo_right_camera_3.png	1183957493	498	283	187
facedb/1183957493/1505676082983217000_stereo_right_camera_4.png	1183957493	498	283	187
facedb/1183957493/1505676083186245918_stereo_right_camera_5.png	1183957493	498	283	187
facedb/1183957493/1505676083468878030_stereo_right_camera_6.png	1183957493	498	283	187
facedb/1183957493/1505676083678715944_stereo_right_camera_7.png	1183957493	498	283	187
facedb/1183957493/1505676084162041902_stereo_right_camera_8.png	1183957493	498	283	187
facedb/1183957493/1505676084431206941_stereo_right_camera_9.png	1183957493	498	283	187
