facedb/1068790118/1508511706908737897_stereo_right_camera_0.png	1068790118	621	319	177
facedb/1068790118/1508511707191711902_stereo_right_camera_1.png	1068790118	621	319	177
facedb/1068790118/1508511707479527950_stereo_right_camera_2.png	1068790118	621	319	177
facedb/1068790118/1508511707777950048_stereo_right_camera_3.png	1068790118	621	319	177
facedb/1068790118/1508511708060246944_stereo_right_camera_4.png	1068790118	621	319	177
facedb/1068790118/1508511708318044900_stereo_right_camera_5.png	1068790118	621	319	177
facedb/1068790118/1508511708761822938_stereo_right_camera_6.png	1068790118	621	319	177
facedb/1068790118/1508511709047799110_stereo_right_camera_7.png	1068790118	621	319	177
facedb/1068790118/1508511709303350925_stereo_right_camera_8.png	1068790118	621	319	177
facedb/1068790118/1508511709556015968_stereo_right_camera_9.png	1068790118	621	319	177
