facedb/1509239287/1501789870347457885_stereo_right_camera_0.png	1509239287	645	339	199
facedb/1509239287/1501789870672833919_stereo_right_camera_1.png	1509239287	645	339	199
facedb/1509239287/1501789871008308887_stereo_right_camera_2.png	1509239287	645	339	199
facedb/1509239287/1501789871345290899_stereo_right_camera_3.png	1509239287	645	339	199
facedb/1509239287/1501789871430510044_stereo_right_camera_4.png	1509239287	645	339	199
facedb/1509239287/1501789871740189075_stereo_right_camera_5.png	1509239287	645	339	199
facedb/1509239287/1501789871888689041_stereo_right_camera_6.png	1509239287	645	339	199
facedb/1509239287/1501789872083758115_stereo_right_camera_7.png	1509239287	645	339	199
facedb/1509239287/1501789872283154964_stereo_right_camera_8.png	1509239287	645	339	199
facedb/1509239287/1501789872782788991_stereo_right_camera_9.png	1509239287	645	339	199
