facedb/1205705534/1521906752509196996_stereo_right_camera_0.png	1205705534	441	349	199
facedb/1205705534/1521906752845746994_stereo_right_camera_1.png	1205705534	441	349	199
facedb/1205705534/1521906753063815116_stereo_right_camera_2.png	1205705534	441	349	199
facedb/1205705534/1521906753403079986_stereo_right_camera_3.png	1205705534	441	349	199
facedb/1205705534/1521906753712956905_stereo_right_camera_4.png	1205705534	441	349	199
facedb/1205705534/1521906753942523956_stereo_right_camera_5.png	1205705534	441	349	199
facedb/1205705534/1521906754156229019_stereo_right_camera_6.png	1205705534	441	349	199
facedb/1205705534/1521906754261451959_stereo_right_camera_7.png	1205705534	441	349	199
facedb/1205705534/1521906754787930011_stereo_right_camera_8.png	1205705534	441	349	199
facedb/1205705534/1521906755091505050_stereo_right_camera_9.png	1205705534	441	349	199
