facedb/1920632591/1523826443572912931_stereo_right_camera_0.png	1920632591	900	242	114
facedb/1920632591/1523826443573061943_stereo_right_camera_1.png	1920632591	900	242	114
facedb/1920632591/1523826443977549076_stereo_right_camera_2.png	1920632591	900	242	114
facedb/1920632591/1523826444425220966_stereo_right_camera_3.png	1920632591	900	242	114
facedb/1920632591/1523826444733285903_stereo_right_camera_4.png	1920632591	900	242	114
facedb/1920632591/1523826444951570987_stereo_right_camera_5.png	1920632591	900	242	114
facedb/1920632591/1523826445440534114_stereo_right_camera_6.png	1920632591	900	242	114
facedb/1920632591/1523826445525173902_stereo_right_camera_7.png	1920632591	900	242	114
facedb/1920632591/1523826446062186956_stereo_right_camera_8.png	1920632591	900	242	114
facedb/1920632591/1523826446293297052_stereo_right_camera_9.png	1920632591	900	242	114
