facedb/272157415/1491062131888355970_stereo_right_camera_0.png	272157415	557	383	241
facedb/272157415/1491062132081733942_stereo_right_camera_1.png	272157415	557	383	241
facedb/272157415/1491062132191660881_stereo_right_camera_2.png	272157415	557	383	241
facedb/272157415/1491062132306443929_stereo_right_camera_3.png	272157415	557	383	241
facedb/272157415/1491062132450925111_stereo_right_camera_4.png	272157415	557	383	241
facedb/272157415/1491062132546207904_stereo_right_camera_5.png	272157415	557	383	241
facedb/272157415/1491062132644578933_stereo_right_camera_6.png	272157415	557	383	241
facedb/272157415/1491062132880733966_stereo_right_camera_7.png	272157415	557	383	241
facedb/272157415/1491062133044342994_stereo_right_camera_8.png	272157415	557	383	241
facedb/272157415/1491062133153755903_stereo_right_camera_9.png	272157415	557	383	241
