facedb/228839549/1494102309122657060_stereo_right_camera_0.png	228839549	390	230	144
facedb/228839549/1494102309227304935_stereo_right_camera_1.png	228839549	390	230	144
facedb/228839549/1494102309369065999_stereo_right_camera_2.png	228839549	390	230	144
facedb/228839549/1494102309568368911_stereo_right_camera_3.png	228839549	390	230	144
facedb/228839549/1494102309687691926_stereo_right_camera_4.png	228839549	390	230	144
facedb/228839549/1494102309869376897_stereo_right_camera_5.png	228839549	390	230	144
facedb/228839549/1494102309989094972_stereo_right_camera_6.png	228839549	390	230	144
facedb/228839549/1494102310191411018_stereo_right_camera_7.png	228839549	390	230	144
facedb/228839549/1494102310383902072_stereo_right_camera_8.png	228839549	390	230	144
facedb/228839549/1494102310544151067_stereo_right_camera_9.png	228839549	390	230	144
