facedb/712590953/1495667698700270891_stereo_right_camera_0.png	712590953	650	523	382
facedb/712590953/1495667699194506883_stereo_right_camera_1.png	712590953	650	523	382
facedb/712590953/1495667699367824077_stereo_right_camera_2.png	712590953	650	523	382
facedb/712590953/1495667699920701980_stereo_right_camera_3.png	712590953	650	523	382
facedb/712590953/1495667700109658002_stereo_right_camera_4.png	712590953	650	523	382
facedb/712590953/1495667700302787065_stereo_right_camera_5.png	712590953	650	523	382
facedb/712590953/1495667700483910083_stereo_right_camera_6.png	712590953	650	523	382
facedb/712590953/1495667700671236038_stereo_right_camera_7.png	712590953	650	523	382
facedb/712590953/1495667700867492914_stereo_right_camera_8.png	712590953	650	523	382
facedb/712590953/1495667701074563980_stereo_right_camera_9.png	712590953	650	523	382
