facedb/1621813990/1523823701527003049_stereo_right_camera_0.png	1621813990	731	405	267
facedb/1621813990/1523823701783647060_stereo_right_camera_1.png	1621813990	731	405	267
facedb/1621813990/1523823702029346942_stereo_right_camera_2.png	1621813990	731	405	267
facedb/1621813990/1523823702293613910_stereo_right_camera_3.png	1621813990	731	405	267
facedb/1621813990/1523823702864661931_stereo_right_camera_4.png	1621813990	731	405	267
facedb/1621813990/1523823703222579956_stereo_right_camera_5.png	1621813990	731	405	267
facedb/1621813990/1523823703503931045_stereo_right_camera_6.png	1621813990	731	405	267
facedb/1621813990/1523823703734766960_stereo_right_camera_7.png	1621813990	731	405	267
facedb/1621813990/1523823703995975017_stereo_right_camera_8.png	1621813990	731	405	267
facedb/1621813990/1523823704346076965_stereo_right_camera_9.png	1621813990	731	405	267
