facedb/1796294799/1495671518326502084_stereo_right_camera_0.png	1796294799	486	369	230
facedb/1796294799/1495671518969050884_stereo_right_camera_1.png	1796294799	486	369	230
facedb/1796294799/1495671519144524097_stereo_right_camera_2.png	1796294799	486	369	230
facedb/1796294799/1495671519352077960_stereo_right_camera_3.png	1796294799	486	369	230
facedb/1796294799/1495671520003309011_stereo_right_camera_4.png	1796294799	486	369	230
facedb/1796294799/1495671520190023899_stereo_right_camera_5.png	1796294799	486	369	230
facedb/1796294799/1495671520448842048_stereo_right_camera_6.png	1796294799	486	369	230
facedb/1796294799/1495671520618581056_stereo_right_camera_7.png	1796294799	486	369	230
facedb/1796294799/1495671520874644041_stereo_right_camera_8.png	1796294799	486	369	230
facedb/1796294799/1495671521466747045_stereo_right_camera_9.png	1796294799	486	369	230
