facedb/573372542/1490830287826066970_stereo_right_camera_0.png	573372542	652	369	205
facedb/573372542/1490830288484736919_stereo_right_camera_1.png	573372542	652	369	205
facedb/573372542/1490830288652565956_stereo_right_camera_2.png	573372542	652	369	205
facedb/573372542/1490830288747716903_stereo_right_camera_3.png	573372542	652	369	205
facedb/573372542/1490830288948153972_stereo_right_camera_4.png	573372542	652	369	205
facedb/573372542/1490830289063605070_stereo_right_camera_5.png	573372542	652	369	205
facedb/573372542/1490830289154995918_stereo_right_camera_6.png	573372542	652	369	205
facedb/573372542/1490830289633754014_stereo_right_camera_7.png	573372542	652	369	205
facedb/573372542/1490830289729892015_stereo_right_camera_8.png	573372542	652	369	205
facedb/573372542/1490830289877775907_stereo_right_camera_9.png	573372542	652	369	205
