facedb/270475784/1495062546049866914_stereo_right_camera_0.png	270475784	545	425	313
facedb/270475784/1495062546296555042_stereo_right_camera_1.png	270475784	545	425	313
facedb/270475784/1495062546487523078_stereo_right_camera_2.png	270475784	545	425	313
facedb/270475784/1495062546640206098_stereo_right_camera_3.png	270475784	545	425	313
facedb/270475784/1495062546754699945_stereo_right_camera_4.png	270475784	545	425	313
facedb/270475784/1495062546947760105_stereo_right_camera_5.png	270475784	545	425	313
facedb/270475784/1495062547024034976_stereo_right_camera_6.png	270475784	545	425	313
facedb/270475784/1495062547287055015_stereo_right_camera_7.png	270475784	545	425	313
facedb/270475784/1495062547450301885_stereo_right_camera_8.png	270475784	545	425	313
facedb/270475784/1495062547640348911_stereo_right_camera_9.png	270475784	545	425	313
