facedb/1240887985/1505673241957106113_stereo_right_camera_0.png	1240887985	900	327	229
facedb/1240887985/1505673242163682937_stereo_right_camera_1.png	1240887985	900	327	229
facedb/1240887985/1505673242378957986_stereo_right_camera_2.png	1240887985	900	327	229
facedb/1240887985/1505673242552993059_stereo_right_camera_3.png	1240887985	900	327	229
facedb/1240887985/1505673242841121912_stereo_right_camera_4.png	1240887985	900	327	229
facedb/1240887985/1505673242841423988_stereo_right_camera_5.png	1240887985	900	327	229
facedb/1240887985/1505673243557657003_stereo_right_camera_6.png	1240887985	900	327	229
facedb/1240887985/1505673243726281881_stereo_right_camera_7.png	1240887985	900	327	229
facedb/1240887985/1505673244013904094_stereo_right_camera_8.png	1240887985	900	327	229
facedb/1240887985/1505673244207544088_stereo_right_camera_9.png	1240887985	900	327	229
