facedb/886274772/1490470331557658910_stereo_right_camera_0.png	886274772	576	425	268
facedb/886274772/1490470331693944931_stereo_right_camera_1.png	886274772	576	425	268
facedb/886274772/1490470331824069023_stereo_right_camera_2.png	886274772	576	425	268
facedb/886274772/1490470332020561933_stereo_right_camera_3.png	886274772	576	425	268
facedb/886274772/1490470332133933067_stereo_right_camera_4.png	886274772	576	425	268
facedb/886274772/1490470332379090070_stereo_right_camera_5.png	886274772	576	425	268
facedb/886274772/1490470332666026115_stereo_right_camera_6.png	886274772	576	425	268
facedb/886274772/1490470332765714883_stereo_right_camera_7.png	886274772	576	425	268
facedb/886274772/1490470332896354913_stereo_right_camera_8.png	886274772	576	425	268
facedb/886274772/1490470333081089973_stereo_right_camera_9.png	886274772	576	425	268
