facedb/764931118/1497729462564806938_stereo_right_camera_0.png	764931118	512	227	49
facedb/764931118/1497729462758765935_stereo_right_camera_1.png	764931118	512	227	49
facedb/764931118/1497729463019294023_stereo_right_camera_2.png	764931118	512	227	49
facedb/764931118/1497729463134368896_stereo_right_camera_3.png	764931118	512	227	49
facedb/764931118/1497729463361001014_stereo_right_camera_4.png	764931118	512	227	49
facedb/764931118/1497729463573859930_stereo_right_camera_5.png	764931118	512	227	49
facedb/764931118/1497729463830389976_stereo_right_camera_6.png	764931118	512	227	49
facedb/764931118/1497729464021923065_stereo_right_camera_7.png	764931118	512	227	49
facedb/764931118/1497729464217806100_stereo_right_camera_8.png	764931118	512	227	49
facedb/764931118/1497729464427373886_stereo_right_camera_9.png	764931118	512	227	49
