facedb/158065036/1491074386924360036_stereo_right_camera_0.png	158065036	523	320	184
facedb/158065036/1491074387061995029_stereo_right_camera_1.png	158065036	523	320	184
facedb/158065036/1491074387256637096_stereo_right_camera_2.png	158065036	523	320	184
facedb/158065036/1491074387459414958_stereo_right_camera_3.png	158065036	523	320	184
facedb/158065036/1491074387566068887_stereo_right_camera_4.png	158065036	523	320	184
facedb/158065036/1491074387783423900_stereo_right_camera_5.png	158065036	523	320	184
facedb/158065036/1491074388085402965_stereo_right_camera_6.png	158065036	523	320	184
facedb/158065036/1491074388226388931_stereo_right_camera_7.png	158065036	523	320	184
facedb/158065036/1491074388538412094_stereo_right_camera_8.png	158065036	523	320	184
facedb/158065036/1491074388761368989_stereo_right_camera_9.png	158065036	523	320	184
