facedb/1741041656/1493484323911276102_stereo_right_camera_0.png	1741041656	478	376	294
facedb/1741041656/1493484324025238037_stereo_right_camera_1.png	1741041656	478	376	294
facedb/1741041656/1493484324238987922_stereo_right_camera_2.png	1741041656	478	376	294
facedb/1741041656/1493484324458971023_stereo_right_camera_3.png	1741041656	478	376	294
facedb/1741041656/1493484324571845054_stereo_right_camera_4.png	1741041656	478	376	294
facedb/1741041656/1493484324810272932_stereo_right_camera_5.png	1741041656	478	376	294
facedb/1741041656/1493484324994359970_stereo_right_camera_6.png	1741041656	478	376	294
facedb/1741041656/1493484325092206954_stereo_right_camera_7.png	1741041656	478	376	294
facedb/1741041656/1493484325578990936_stereo_right_camera_8.png	1741041656	478	376	294
facedb/1741041656/1493484325729545116_stereo_right_camera_9.png	1741041656	478	376	294
