facedb/708115932/1491069361996829032_stereo_right_camera_0.png	708115932	476	177	72
facedb/708115932/1491069362223155975_stereo_right_camera_1.png	708115932	476	177	72
facedb/708115932/1491069362389941930_stereo_right_camera_2.png	708115932	476	177	72
facedb/708115932/1491069362546319961_stereo_right_camera_3.png	708115932	476	177	72
facedb/708115932/1491069362769433021_stereo_right_camera_4.png	708115932	476	177	72
facedb/708115932/1491069362870665073_stereo_right_camera_5.png	708115932	476	177	72
facedb/708115932/1491069363041821956_stereo_right_camera_6.png	708115932	476	177	72
facedb/708115932/1491069363134677886_stereo_right_camera_7.png	708115932	476	177	72
facedb/708115932/1491069363629621028_stereo_right_camera_8.png	708115932	476	177	72
facedb/708115932/1491069364197933912_stereo_right_camera_9.png	708115932	476	177	72
