facedb/1965404079/1521904903654624938_stereo_right_camera_0.png	1965404079	454	267	142
facedb/1965404079/1521904903884327888_stereo_right_camera_1.png	1965404079	454	267	142
facedb/1965404079/1521904903967822074_stereo_right_camera_2.png	1965404079	454	267	142
facedb/1965404079/1521904904284073114_stereo_right_camera_3.png	1965404079	454	267	142
facedb/1965404079/1521904904592010974_stereo_right_camera_4.png	1965404079	454	267	142
facedb/1965404079/1521904904900113105_stereo_right_camera_5.png	1965404079	454	267	142
facedb/1965404079/1521904905097790002_stereo_right_camera_6.png	1965404079	454	267	142
facedb/1965404079/1521904905406049013_stereo_right_camera_7.png	1965404079	454	267	142
facedb/1965404079/1521904905516607999_stereo_right_camera_8.png	1965404079	454	267	142
facedb/1965404079/1521904905700416088_stereo_right_camera_9.png	1965404079	454	267	142
