facedb/1474937104/1493485175066893100_stereo_right_camera_0.png	1474937104	521	291	120
facedb/1474937104/1493485175245637893_stereo_right_camera_1.png	1474937104	521	291	120
facedb/1474937104/1493485175428940057_stereo_right_camera_2.png	1474937104	521	291	120
facedb/1474937104/1493485175515149116_stereo_right_camera_3.png	1474937104	521	291	120
facedb/1474937104/1493485175712784051_stereo_right_camera_4.png	1474937104	521	291	120
facedb/1474937104/1493485175806624889_stereo_right_camera_5.png	1474937104	521	291	120
facedb/1474937104/1493485176031250000_stereo_right_camera_6.png	1474937104	521	291	120
facedb/1474937104/1493485176125093936_stereo_right_camera_7.png	1474937104	521	291	120
facedb/1474937104/1493485176288960933_stereo_right_camera_8.png	1474937104	521	291	120
facedb/1474937104/1493485176471807003_stereo_right_camera_9.png	1474937104	521	291	120
