facedb/132219872/1521905854987525939_stereo_right_camera_0.png	132219872	410	212	109
facedb/132219872/1521905855152996063_stereo_right_camera_1.png	132219872	410	212	109
facedb/132219872/1521905855335360050_stereo_right_camera_2.png	132219872	410	212	109
facedb/132219872/1521905855847687005_stereo_right_camera_3.png	132219872	410	212	109
facedb/132219872/1521905856261931896_stereo_right_camera_4.png	132219872	410	212	109
facedb/132219872/1521905856949397087_stereo_right_camera_5.png	132219872	410	212	109
facedb/132219872/1521905857217256069_stereo_right_camera_6.png	132219872	410	212	109
facedb/132219872/1521905857397337913_stereo_right_camera_7.png	132219872	410	212	109
facedb/132219872/1521905857915674924_stereo_right_camera_8.png	132219872	410	212	109
facedb/132219872/1521905857992388963_stereo_right_camera_9.png	132219872	410	212	109
