facedb/1251149402/1491053629383686065_stereo_right_camera_0.png	1251149402	596	331	127
facedb/1251149402/1491053630136936902_stereo_right_camera_1.png	1251149402	596	331	127
facedb/1251149402/1491053630242002010_stereo_right_camera_2.png	1251149402	596	331	127
facedb/1251149402/1491053630347440004_stereo_right_camera_3.png	1251149402	596	331	127
facedb/1251149402/1491053630651859045_stereo_right_camera_4.png	1251149402	596	331	127
facedb/1251149402/1491053630758750915_stereo_right_camera_5.png	1251149402	596	331	127
facedb/1251149402/1491053630844074010_stereo_right_camera_6.png	1251149402	596	331	127
facedb/1251149402/1491053631003881931_stereo_right_camera_7.png	1251149402	596	331	127
facedb/1251149402/1491053631075650930_stereo_right_camera_8.png	1251149402	596	331	127
facedb/1251149402/1491053631167248010_stereo_right_camera_9.png	1251149402	596	331	127
