facedb/1159825932/1490469628200690031_stereo_right_camera_0.png	1159825932	509	330	220
facedb/1159825932/1490469628300853967_stereo_right_camera_1.png	1159825932	509	330	220
facedb/1159825932/1490469628395994901_stereo_right_camera_2.png	1159825932	509	330	220
facedb/1159825932/1490469628510530948_stereo_right_camera_3.png	1159825932	509	330	220
facedb/1159825932/1490469628640984058_stereo_right_camera_4.png	1159825932	509	330	220
facedb/1159825932/1490469628768081903_stereo_right_camera_5.png	1159825932	509	330	220
facedb/1159825932/1490469629083884954_stereo_right_camera_6.png	1159825932	509	330	220
facedb/1159825932/1490469629171709060_stereo_right_camera_7.png	1159825932	509	330	220
facedb/1159825932/1490469629293895959_stereo_right_camera_8.png	1159825932	509	330	220
facedb/1159825932/1490469629655608892_stereo_right_camera_9.png	1159825932	509	330	220
