facedb/1504518051/1490464799284466981_stereo_right_camera_0.png	1504518051	517	271	96
facedb/1504518051/1490464799512747049_stereo_right_camera_1.png	1504518051	517	271	96
facedb/1504518051/1490464799614186048_stereo_right_camera_2.png	1504518051	517	271	96
facedb/1504518051/1490464799905674934_stereo_right_camera_3.png	1504518051	517	271	96
facedb/1504518051/1490464800169310092_stereo_right_camera_4.png	1504518051	517	271	96
facedb/1504518051/1490464800271277904_stereo_right_camera_5.png	1504518051	517	271	96
facedb/1504518051/1490464800385005950_stereo_right_camera_6.png	1504518051	517	271	96
facedb/1504518051/1490464800507692098_stereo_right_camera_7.png	1504518051	517	271	96
facedb/1504518051/1490464800621720075_stereo_right_camera_8.png	1504518051	517	271	96
facedb/1504518051/1490464800742573022_stereo_right_camera_9.png	1504518051	517	271	96
