facedb/379059075/1491069367665788888_stereo_right_camera_0.png	379059075	507	331	227
facedb/379059075/1491069367774797916_stereo_right_camera_1.png	379059075	507	331	227
facedb/379059075/1491069367957963943_stereo_right_camera_2.png	379059075	507	331	227
facedb/379059075/1491069368056024074_stereo_right_camera_3.png	379059075	507	331	227
facedb/379059075/1491069368268537998_stereo_right_camera_4.png	379059075	507	331	227
facedb/379059075/1491069368582935094_stereo_right_camera_5.png	379059075	507	331	227
facedb/379059075/1491069368671667098_stereo_right_camera_6.png	379059075	507	331	227
facedb/379059075/1491069368857774972_stereo_right_camera_7.png	379059075	507	331	227
facedb/379059075/1491069369036988019_stereo_right_camera_8.png	379059075	507	331	227
facedb/379059075/1491069369131575107_stereo_right_camera_9.png	379059075	507	331	227
