facedb/155188999/1495579926532088041_stereo_right_camera_0.png	155188999	494	364	236
facedb/155188999/1495579926691967010_stereo_right_camera_1.png	155188999	494	364	236
facedb/155188999/1495579926873322010_stereo_right_camera_2.png	155188999	494	364	236
facedb/155188999/1495579927049761056_stereo_right_camera_3.png	155188999	494	364	236
facedb/155188999/1495579927148098945_stereo_right_camera_4.png	155188999	494	364	236
facedb/155188999/1495579927402749061_stereo_right_camera_5.png	155188999	494	364	236
facedb/155188999/1495579927582570075_stereo_right_camera_6.png	155188999	494	364	236
facedb/155188999/1495579927905464887_stereo_right_camera_7.png	155188999	494	364	236
facedb/155188999/1495579928006181955_stereo_right_camera_8.png	155188999	494	364	236
facedb/155188999/1495579928420211076_stereo_right_camera_9.png	155188999	494	364	236
