facedb/1970455677/1493484878744064092_stereo_right_camera_0.png	1970455677	474	349	218
facedb/1970455677/1493484879037089109_stereo_right_camera_1.png	1970455677	474	349	218
facedb/1970455677/1493484879222248077_stereo_right_camera_2.png	1970455677	474	349	218
facedb/1970455677/1493484879445030927_stereo_right_camera_3.png	1970455677	474	349	218
facedb/1970455677/1493484879914906978_stereo_right_camera_4.png	1970455677	474	349	218
facedb/1970455677/1493484880099319934_stereo_right_camera_5.png	1970455677	474	349	218
facedb/1970455677/1493484880227679014_stereo_right_camera_6.png	1970455677	474	349	218
facedb/1970455677/1493484880453155040_stereo_right_camera_7.png	1970455677	474	349	218
facedb/1970455677/1493484880541770935_stereo_right_camera_8.png	1970455677	474	349	218
facedb/1970455677/1493484880771008968_stereo_right_camera_9.png	1970455677	474	349	218
