facedb/1183806100/1495668615605566978_stereo_left_camera_0.png	1183806100	640	511	415
facedb/1183806100/1495668616074929952_stereo_left_camera_1.png	1183806100	640	511	415
facedb/1183806100/1495668616694891929_stereo_left_camera_2.png	1183806100	640	511	415
facedb/1183806100/1495668617309814929_stereo_left_camera_3.png	1183806100	640	511	415
facedb/1183806100/1495668617924427986_stereo_left_camera_4.png	1183806100	640	511	415
facedb/1183806100/1495668618111404895_stereo_left_camera_5.png	1183806100	640	511	415
facedb/1183806100/1495668618945152044_stereo_left_camera_6.png	1183806100	640	511	415
facedb/1183806100/1495668619500889062_stereo_left_camera_7.png	1183806100	640	511	415
facedb/1183806100/1495668619705980062_stereo_left_camera_8.png	1183806100	640	511	415
facedb/1183806100/1495668620046308994_stereo_left_camera_9.png	1183806100	640	511	415
