facedb/1653507702/1490469709185985088_stereo_right_camera_0.png	1653507702	532	413	309
facedb/1653507702/1490469709436758041_stereo_right_camera_1.png	1653507702	532	413	309
facedb/1653507702/1490469709599025964_stereo_right_camera_2.png	1653507702	532	413	309
facedb/1653507702/1490469709956315040_stereo_right_camera_3.png	1653507702	532	413	309
facedb/1653507702/1490469710295650005_stereo_right_camera_4.png	1653507702	532	413	309
facedb/1653507702/1490469710397547006_stereo_right_camera_5.png	1653507702	532	413	309
facedb/1653507702/1490469710796499013_stereo_right_camera_6.png	1653507702	532	413	309
facedb/1653507702/1490469710892575979_stereo_right_camera_7.png	1653507702	532	413	309
facedb/1653507702/1490469711018855094_stereo_right_camera_8.png	1653507702	532	413	309
facedb/1653507702/1490469711218302965_stereo_right_camera_9.png	1653507702	532	413	309
