facedb/1250709831/1491073779140752077_stereo_right_camera_0.png	1250709831	518	279	159
facedb/1250709831/1491073779539578914_stereo_right_camera_1.png	1250709831	518	279	159
facedb/1250709831/1491073779897274971_stereo_right_camera_2.png	1250709831	518	279	159
facedb/1250709831/1491073780033251047_stereo_right_camera_3.png	1250709831	518	279	159
facedb/1250709831/1491073780414755105_stereo_right_camera_4.png	1250709831	518	279	159
facedb/1250709831/1491073780640561103_stereo_right_camera_5.png	1250709831	518	279	159
facedb/1250709831/1491073781324764013_stereo_right_camera_6.png	1250709831	518	279	159
facedb/1250709831/1491073781873308897_stereo_right_camera_7.png	1250709831	518	279	159
facedb/1250709831/1491073782344523906_stereo_right_camera_8.png	1250709831	518	279	159
facedb/1250709831/1491073783201320886_stereo_right_camera_9.png	1250709831	518	279	159
