facedb/5400662/1491084366873405933_stereo_right_camera_0.png	5400662	483	309	205
facedb/5400662/1491084366982964992_stereo_right_camera_1.png	5400662	483	309	205
facedb/5400662/1491084367182329893_stereo_right_camera_2.png	5400662	483	309	205
facedb/5400662/1491084367686064004_stereo_right_camera_3.png	5400662	483	309	205
facedb/5400662/1491084368045835018_stereo_right_camera_4.png	5400662	483	309	205
facedb/5400662/1491084368218875885_stereo_right_camera_5.png	5400662	483	309	205
facedb/5400662/1491084368766290903_stereo_right_camera_6.png	5400662	483	309	205
facedb/5400662/1491084368903300046_stereo_right_camera_7.png	5400662	483	309	205
facedb/5400662/1491084368995047092_stereo_right_camera_8.png	5400662	483	309	205
facedb/5400662/1491084369487117052_stereo_right_camera_9.png	5400662	483	309	205
