facedb/1684394137/1497724333440788984_stereo_right_camera_0.png	1684394137	551	328	187
facedb/1684394137/1497724333642604112_stereo_right_camera_1.png	1684394137	551	328	187
facedb/1684394137/1497724333922992944_stereo_right_camera_2.png	1684394137	551	328	187
facedb/1684394137/1497724334362782001_stereo_right_camera_3.png	1684394137	551	328	187
facedb/1684394137/1497724335211709976_stereo_right_camera_4.png	1684394137	551	328	187
facedb/1684394137/1497724335380779027_stereo_right_camera_5.png	1684394137	551	328	187
facedb/1684394137/1497724335825609922_stereo_right_camera_6.png	1684394137	551	328	187
facedb/1684394137/1497724336000576972_stereo_right_camera_7.png	1684394137	551	328	187
facedb/1684394137/1497724336585834026_stereo_right_camera_8.png	1684394137	551	328	187
facedb/1684394137/1497724336861138105_stereo_right_camera_9.png	1684394137	551	328	187
