facedb/1333689278/1491062797537390947_stereo_right_camera_0.png	1333689278	490	287	142
facedb/1333689278/1491062797646410942_stereo_right_camera_1.png	1333689278	490	287	142
facedb/1333689278/1491062797841288089_stereo_right_camera_2.png	1333689278	490	287	142
facedb/1333689278/1491062797920562982_stereo_right_camera_3.png	1333689278	490	287	142
facedb/1333689278/1491062798153245925_stereo_right_camera_4.png	1333689278	490	287	142
facedb/1333689278/1491062798239090919_stereo_right_camera_5.png	1333689278	490	287	142
facedb/1333689278/1491062798333195924_stereo_right_camera_6.png	1333689278	490	287	142
facedb/1333689278/1491062798532361030_stereo_right_camera_7.png	1333689278	490	287	142
facedb/1333689278/1491062798631280899_stereo_right_camera_8.png	1333689278	490	287	142
facedb/1333689278/1491062798946513891_stereo_right_camera_9.png	1333689278	490	287	142
