facedb/1011449814/1521909685446451902_stereo_right_camera_0.png	1011449814	617	387	209
facedb/1011449814/1521909685671228885_stereo_right_camera_1.png	1011449814	617	387	209
facedb/1011449814/1521909685933334112_stereo_right_camera_2.png	1011449814	617	387	209
facedb/1011449814/1521909686167388916_stereo_right_camera_3.png	1011449814	617	387	209
facedb/1011449814/1521909686556221961_stereo_right_camera_4.png	1011449814	617	387	209
facedb/1011449814/1521909686806443929_stereo_right_camera_5.png	1011449814	617	387	209
facedb/1011449814/1521909687069587945_stereo_right_camera_6.png	1011449814	617	387	209
facedb/1011449814/1521909687403568983_stereo_right_camera_7.png	1011449814	617	387	209
facedb/1011449814/1521909687671813964_stereo_right_camera_8.png	1011449814	617	387	209
facedb/1011449814/1521909687923964977_stereo_right_camera_9.png	1011449814	617	387	209
