facedb/1412752821/1490468323701442003_stereo_right_camera_0.png	1412752821	493	352	227
facedb/1412752821/1490468323831130027_stereo_right_camera_1.png	1412752821	493	352	227
facedb/1412752821/1490468323975327014_stereo_right_camera_2.png	1412752821	493	352	227
facedb/1412752821/1490468324090601921_stereo_right_camera_3.png	1412752821	493	352	227
facedb/1412752821/1490468324204642057_stereo_right_camera_4.png	1412752821	493	352	227
facedb/1412752821/1490468324333990097_stereo_right_camera_5.png	1412752821	493	352	227
facedb/1412752821/1490468324458477973_stereo_right_camera_6.png	1412752821	493	352	227
facedb/1412752821/1490468324897604942_stereo_right_camera_7.png	1412752821	493	352	227
facedb/1412752821/1490468325208434104_stereo_right_camera_8.png	1412752821	493	352	227
facedb/1412752821/1490468325459218978_stereo_right_camera_9.png	1412752821	493	352	227
