facedb/930468048/1495668489427900075_stereo_right_camera_0.png	930468048	357	245	154
facedb/930468048/1495668489540024042_stereo_right_camera_1.png	930468048	357	245	154
facedb/930468048/1495668489722676992_stereo_right_camera_2.png	930468048	357	245	154
facedb/930468048/1495668489951615095_stereo_right_camera_3.png	930468048	357	245	154
facedb/930468048/1495668490134151935_stereo_right_camera_4.png	930468048	357	245	154
facedb/930468048/1495668490401480913_stereo_right_camera_5.png	930468048	357	245	154
facedb/930468048/1495668490582365036_stereo_right_camera_6.png	930468048	357	245	154
facedb/930468048/1495668490667224884_stereo_right_camera_7.png	930468048	357	245	154
facedb/930468048/1495668491031073093_stereo_right_camera_8.png	930468048	357	245	154
facedb/930468048/1495668491236748933_stereo_right_camera_9.png	930468048	357	245	154
