facedb/1115577215/1495668359420954942_stereo_right_camera_0.png	1115577215	464	252	136
facedb/1115577215/1495668359603857994_stereo_right_camera_1.png	1115577215	464	252	136
facedb/1115577215/1495668360051229953_stereo_right_camera_2.png	1115577215	464	252	136
facedb/1115577215/1495668360234811067_stereo_right_camera_3.png	1115577215	464	252	136
facedb/1115577215/1495668360391253948_stereo_right_camera_4.png	1115577215	464	252	136
facedb/1115577215/1495668360591834068_stereo_right_camera_5.png	1115577215	464	252	136
facedb/1115577215/1495668360778007984_stereo_right_camera_6.png	1115577215	464	252	136
facedb/1115577215/1495668360970824956_stereo_right_camera_7.png	1115577215	464	252	136
facedb/1115577215/1495668361398369073_stereo_right_camera_8.png	1115577215	464	252	136
facedb/1115577215/1495668361614594936_stereo_right_camera_9.png	1115577215	464	252	136
