facedb/1536031490/1521904388354273080_stereo_right_camera_0.png	1536031490	434	320	198
facedb/1536031490/1521904388560220003_stereo_right_camera_1.png	1536031490	434	320	198
facedb/1536031490/1521904388880542039_stereo_right_camera_2.png	1536031490	434	320	198
facedb/1536031490/1521904389208956956_stereo_right_camera_3.png	1536031490	434	320	198
facedb/1536031490/1521904389547665119_stereo_right_camera_4.png	1536031490	434	320	198
facedb/1536031490/1521904389753011941_stereo_right_camera_5.png	1536031490	434	320	198
facedb/1536031490/1521904390053963899_stereo_right_camera_6.png	1536031490	434	320	198
facedb/1536031490/1521904390265469074_stereo_right_camera_7.png	1536031490	434	320	198
facedb/1536031490/1521904390565015077_stereo_right_camera_8.png	1536031490	434	320	198
facedb/1536031490/1521904390844253063_stereo_right_camera_9.png	1536031490	434	320	198
