facedb/812861865/1521908631821302890_stereo_right_camera_0.png	812861865	900	301	203
facedb/812861865/1521908632031027078_stereo_right_camera_1.png	812861865	900	301	203
facedb/812861865/1521908632342295885_stereo_right_camera_2.png	812861865	900	301	203
facedb/812861865/1521908632523399114_stereo_right_camera_3.png	812861865	900	301	203
facedb/812861865/1521908632761821985_stereo_right_camera_4.png	812861865	900	301	203
facedb/812861865/1521908632943469047_stereo_right_camera_5.png	812861865	900	301	203
facedb/812861865/1521908633329849958_stereo_right_camera_6.png	812861865	900	301	203
facedb/812861865/1521908633648916959_stereo_right_camera_7.png	812861865	900	301	203
facedb/812861865/1521908633649225950_stereo_right_camera_8.png	812861865	900	301	203
facedb/812861865/1521908634056634902_stereo_right_camera_9.png	812861865	900	301	203
