facedb/1767005641/1491074010643481969_stereo_right_camera_0.png	1767005641	407	276	140
facedb/1767005641/1491074010772080898_stereo_right_camera_1.png	1767005641	407	276	140
facedb/1767005641/1491074010938363075_stereo_right_camera_2.png	1767005641	407	276	140
facedb/1767005641/1491074011235582113_stereo_right_camera_3.png	1767005641	407	276	140
facedb/1767005641/1491074011419828891_stereo_right_camera_4.png	1767005641	407	276	140
facedb/1767005641/1491074011592854976_stereo_right_camera_5.png	1767005641	407	276	140
facedb/1767005641/1491074011871746063_stereo_right_camera_6.png	1767005641	407	276	140
facedb/1767005641/1491074012037370920_stereo_right_camera_7.png	1767005641	407	276	140
facedb/1767005641/1491074012210367918_stereo_right_camera_8.png	1767005641	407	276	140
facedb/1767005641/1491074012395296096_stereo_right_camera_9.png	1767005641	407	276	140
