facedb/1066375771/1521909340996568918_stereo_right_camera_0.png	1066375771	900	342	240
facedb/1066375771/1521909341277661085_stereo_right_camera_1.png	1066375771	900	342	240
facedb/1066375771/1521909341662039995_stereo_right_camera_2.png	1066375771	900	342	240
facedb/1066375771/1521909341990550994_stereo_right_camera_3.png	1066375771	900	342	240
facedb/1066375771/1521909341990863084_stereo_right_camera_4.png	1066375771	900	342	240
facedb/1066375771/1521909342528805971_stereo_right_camera_5.png	1066375771	900	342	240
facedb/1066375771/1521909343059797048_stereo_right_camera_6.png	1066375771	900	342	240
facedb/1066375771/1521909343555726051_stereo_right_camera_7.png	1066375771	900	342	240
facedb/1066375771/1521909344032154083_stereo_right_camera_8.png	1066375771	900	342	240
facedb/1066375771/1521909344343286037_stereo_right_camera_9.png	1066375771	900	342	240
