facedb/1229360897/1493484111399071931_stereo_right_camera_0.png	1229360897	446	291	157
facedb/1229360897/1493484111759712934_stereo_right_camera_1.png	1229360897	446	291	157
facedb/1229360897/1493484111857153892_stereo_right_camera_2.png	1229360897	446	291	157
facedb/1229360897/1493484112030715942_stereo_right_camera_3.png	1229360897	446	291	157
facedb/1229360897/1493484112133445978_stereo_right_camera_4.png	1229360897	446	291	157
facedb/1229360897/1493484112309778928_stereo_right_camera_5.png	1229360897	446	291	157
facedb/1229360897/1493484112393932104_stereo_right_camera_6.png	1229360897	446	291	157
facedb/1229360897/1493484112591810941_stereo_right_camera_7.png	1229360897	446	291	157
facedb/1229360897/1493484112692630052_stereo_right_camera_8.png	1229360897	446	291	157
facedb/1229360897/1493484112977241992_stereo_right_camera_9.png	1229360897	446	291	157
