facedb/1332141092/1491074390839981079_stereo_right_camera_0.png	1332141092	452	251	100
facedb/1332141092/1491074390936794042_stereo_right_camera_1.png	1332141092	452	251	100
facedb/1332141092/1491074391260080099_stereo_right_camera_2.png	1332141092	452	251	100
facedb/1332141092/1491074391643424034_stereo_right_camera_3.png	1332141092	452	251	100
facedb/1332141092/1491074391859587907_stereo_right_camera_4.png	1332141092	452	251	100
facedb/1332141092/1491074392079557895_stereo_right_camera_5.png	1332141092	452	251	100
facedb/1332141092/1491074392326724052_stereo_right_camera_6.png	1332141092	452	251	100
facedb/1332141092/1491074392451108932_stereo_right_camera_7.png	1332141092	452	251	100
facedb/1332141092/1491074392676387071_stereo_right_camera_8.png	1332141092	452	251	100
facedb/1332141092/1491074392783644914_stereo_right_camera_9.png	1332141092	452	251	100
