facedb/1309419525/1498232079974587917_stereo_right_camera_0.png	1309419525	504	307	192
facedb/1309419525/1498232080186203002_stereo_right_camera_1.png	1309419525	504	307	192
facedb/1309419525/1498232080405827999_stereo_right_camera_2.png	1309419525	504	307	192
facedb/1309419525/1498232080594342947_stereo_right_camera_3.png	1309419525	504	307	192
facedb/1309419525/1498232080789362907_stereo_right_camera_4.png	1309419525	504	307	192
facedb/1309419525/1498232081334223985_stereo_right_camera_5.png	1309419525	504	307	192
facedb/1309419525/1498232081516710042_stereo_right_camera_6.png	1309419525	504	307	192
facedb/1309419525/1498232081755223989_stereo_right_camera_7.png	1309419525	504	307	192
facedb/1309419525/1498232081933038949_stereo_right_camera_8.png	1309419525	504	307	192
facedb/1309419525/1498232082210319995_stereo_right_camera_9.png	1309419525	504	307	192
