facedb/1681507560/1495576673854049921_stereo_right_camera_0.png	1681507560	488	254	152
facedb/1681507560/1495576674162436008_stereo_right_camera_1.png	1681507560	488	254	152
facedb/1681507560/1495576674259438991_stereo_right_camera_2.png	1681507560	488	254	152
facedb/1681507560/1495576674583832979_stereo_right_camera_3.png	1681507560	488	254	152
facedb/1681507560/1495576674868933916_stereo_right_camera_4.png	1681507560	488	254	152
facedb/1681507560/1495576674999615907_stereo_right_camera_5.png	1681507560	488	254	152
facedb/1681507560/1495576675333421945_stereo_right_camera_6.png	1681507560	488	254	152
facedb/1681507560/1495576675591844081_stereo_right_camera_7.png	1681507560	488	254	152
facedb/1681507560/1495576676586216926_stereo_right_camera_8.png	1681507560	488	254	152
facedb/1681507560/1495576676805031061_stereo_right_camera_9.png	1681507560	488	254	152
