facedb/1037143789/1495666620447824954_stereo_right_camera_0.png	1037143789	435	311	235
facedb/1037143789/1495666621211139917_stereo_right_camera_1.png	1037143789	435	311	235
facedb/1037143789/1495666622198473930_stereo_right_camera_2.png	1037143789	435	311	235
facedb/1037143789/1495666622763943910_stereo_right_camera_3.png	1037143789	435	311	235
facedb/1037143789/1495666623115168094_stereo_right_camera_4.png	1037143789	435	311	235
facedb/1037143789/1495666624046263933_stereo_right_camera_5.png	1037143789	435	311	235
facedb/1037143789/1495666624191649913_stereo_right_camera_6.png	1037143789	435	311	235
facedb/1037143789/1495666624371754884_stereo_right_camera_7.png	1037143789	435	311	235
facedb/1037143789/1495666624544085979_stereo_right_camera_8.png	1037143789	435	311	235
facedb/1037143789/1495666625191080093_stereo_right_camera_9.png	1037143789	435	311	235
