facedb/1866904914/1490829827886230945_stereo_left_camera_0.png	1866904914	559	385	144
facedb/1866904914/1490829827978394031_stereo_left_camera_1.png	1866904914	559	385	144
facedb/1866904914/1490829828128530025_stereo_left_camera_2.png	1866904914	559	385	144
facedb/1866904914/1490829828359330892_stereo_left_camera_3.png	1866904914	559	385	144
facedb/1866904914/1490829828459964036_stereo_left_camera_4.png	1866904914	559	385	144
facedb/1866904914/1490829828552273988_stereo_left_camera_5.png	1866904914	559	385	144
facedb/1866904914/1490829828665054082_stereo_left_camera_6.png	1866904914	559	385	144
facedb/1866904914/1490829828782438993_stereo_left_camera_7.png	1866904914	559	385	144
facedb/1866904914/1490829828886272907_stereo_left_camera_8.png	1866904914	559	385	144
facedb/1866904914/1490829828989073038_stereo_left_camera_9.png	1866904914	559	385	144
