facedb/1627151983/1497727816879518985_stereo_right_camera_0.png	1627151983	429	336	262
facedb/1627151983/1497727817082850933_stereo_right_camera_1.png	1627151983	429	336	262
facedb/1627151983/1497727817317265987_stereo_right_camera_2.png	1627151983	429	336	262
facedb/1627151983/1497727817510947942_stereo_right_camera_3.png	1627151983	429	336	262
facedb/1627151983/1497727817818384885_stereo_right_camera_4.png	1627151983	429	336	262
facedb/1627151983/1497727818263633012_stereo_right_camera_5.png	1627151983	429	336	262
facedb/1627151983/1497727818733834981_stereo_right_camera_6.png	1627151983	429	336	262
facedb/1627151983/1497727818919471979_stereo_right_camera_7.png	1627151983	429	336	262
facedb/1627151983/1497727819011298894_stereo_right_camera_8.png	1627151983	429	336	262
facedb/1627151983/1497727819417293071_stereo_right_camera_9.png	1627151983	429	336	262
