facedb/143972122/1490469599576244115_stereo_right_camera_0.png	143972122	654	416	286
facedb/143972122/1490469600002461910_stereo_right_camera_1.png	143972122	654	416	286
facedb/143972122/1490469600113763093_stereo_right_camera_2.png	143972122	654	416	286
facedb/143972122/1490469600295490980_stereo_right_camera_3.png	143972122	654	416	286
facedb/143972122/1490469600464970111_stereo_right_camera_4.png	143972122	654	416	286
facedb/143972122/1490469600877089977_stereo_right_camera_5.png	143972122	654	416	286
facedb/143972122/1490469600978208065_stereo_right_camera_6.png	143972122	654	416	286
facedb/143972122/1490469601066306114_stereo_right_camera_7.png	143972122	654	416	286
facedb/143972122/1490469601173799991_stereo_right_camera_8.png	143972122	654	416	286
facedb/143972122/1490469601273072957_stereo_right_camera_9.png	143972122	654	416	286
