facedb/606301905/1498232772639760971_stereo_right_camera_0.png	606301905	500	319	164
facedb/606301905/1498232772913044929_stereo_right_camera_1.png	606301905	500	319	164
facedb/606301905/1498232773005816936_stereo_right_camera_2.png	606301905	500	319	164
facedb/606301905/1498232773400059938_stereo_right_camera_3.png	606301905	500	319	164
facedb/606301905/1498232773571327924_stereo_right_camera_4.png	606301905	500	319	164
facedb/606301905/1498232773819372892_stereo_right_camera_5.png	606301905	500	319	164
facedb/606301905/1498232774099113941_stereo_right_camera_6.png	606301905	500	319	164
facedb/606301905/1498232774395138025_stereo_right_camera_7.png	606301905	500	319	164
facedb/606301905/1498232774640677928_stereo_right_camera_8.png	606301905	500	319	164
facedb/606301905/1498232774966941118_stereo_right_camera_9.png	606301905	500	319	164
