facedb/351422065/1491079515982278108_stereo_right_camera_0.png	351422065	480	298	197
facedb/351422065/1491079516382776975_stereo_right_camera_1.png	351422065	480	298	197
facedb/351422065/1491079516741564989_stereo_right_camera_2.png	351422065	480	298	197
facedb/351422065/1491079516964577913_stereo_right_camera_3.png	351422065	480	298	197
facedb/351422065/1491079517083724975_stereo_right_camera_4.png	351422065	480	298	197
facedb/351422065/1491079517366537094_stereo_right_camera_5.png	351422065	480	298	197
facedb/351422065/1491079517474675893_stereo_right_camera_6.png	351422065	480	298	197
facedb/351422065/1491079517665927886_stereo_right_camera_7.png	351422065	480	298	197
facedb/351422065/1491079518014854907_stereo_right_camera_8.png	351422065	480	298	197
facedb/351422065/1491079518117932081_stereo_right_camera_9.png	351422065	480	298	197
