facedb/1675377369/1521911777640716075_stereo_right_camera_0.png	1675377369	509	317	166
facedb/1675377369/1521911777935520887_stereo_right_camera_1.png	1675377369	509	317	166
facedb/1675377369/1521911778332532882_stereo_right_camera_2.png	1675377369	509	317	166
facedb/1675377369/1521911779064181089_stereo_right_camera_3.png	1675377369	509	317	166
facedb/1675377369/1521911779459814071_stereo_right_camera_4.png	1675377369	509	317	166
facedb/1675377369/1521911779742444038_stereo_right_camera_5.png	1675377369	509	317	166
facedb/1675377369/1521911780185647010_stereo_right_camera_6.png	1675377369	509	317	166
facedb/1675377369/1521911780585730075_stereo_right_camera_7.png	1675377369	509	317	166
facedb/1675377369/1521911780996181011_stereo_right_camera_8.png	1675377369	509	317	166
facedb/1675377369/1521911781252741098_stereo_right_camera_9.png	1675377369	509	317	166
