facedb/975611415/1521904400269876956_stereo_right_camera_0.png	975611415	422	273	181
facedb/975611415/1521904400501312971_stereo_right_camera_1.png	975611415	422	273	181
facedb/975611415/1521904400711752891_stereo_right_camera_2.png	975611415	422	273	181
facedb/975611415/1521904401022229909_stereo_right_camera_3.png	975611415	422	273	181
facedb/975611415/1521904401355220079_stereo_right_camera_4.png	975611415	422	273	181
facedb/975611415/1521904401547391891_stereo_right_camera_5.png	975611415	422	273	181
facedb/975611415/1521904401636678934_stereo_right_camera_6.png	975611415	422	273	181
facedb/975611415/1521904402369685888_stereo_right_camera_7.png	975611415	422	273	181
facedb/975611415/1521904402592895030_stereo_right_camera_8.png	975611415	422	273	181
facedb/975611415/1521904402914607048_stereo_right_camera_9.png	975611415	422	273	181
