facedb/344049866/1490829820692445039_stereo_left_camera_0.png	344049866	625	433	247
facedb/344049866/1490829820848136901_stereo_left_camera_1.png	344049866	625	433	247
facedb/344049866/1490829820989191055_stereo_left_camera_2.png	344049866	625	433	247
facedb/344049866/1490829821089246034_stereo_left_camera_3.png	344049866	625	433	247
facedb/344049866/1490829821203938007_stereo_left_camera_4.png	344049866	625	433	247
facedb/344049866/1490829821407550096_stereo_left_camera_5.png	344049866	625	433	247
facedb/344049866/1490829821509846925_stereo_left_camera_6.png	344049866	625	433	247
facedb/344049866/1490829821605962038_stereo_left_camera_7.png	344049866	625	433	247
facedb/344049866/1490829821717533111_stereo_left_camera_8.png	344049866	625	433	247
facedb/344049866/1490829821883621931_stereo_left_camera_9.png	344049866	625	433	247
