facedb/52007533/1521911488596832036_stereo_right_camera_0.png	52007533	508	306	176
facedb/52007533/1521911488890408992_stereo_right_camera_1.png	52007533	508	306	176
facedb/52007533/1521911489165143013_stereo_right_camera_2.png	52007533	508	306	176
facedb/52007533/1521911489457209110_stereo_right_camera_3.png	52007533	508	306	176
facedb/52007533/1521911489662141084_stereo_right_camera_4.png	52007533	508	306	176
facedb/52007533/1521911489968416929_stereo_right_camera_5.png	52007533	508	306	176
facedb/52007533/1521911490234978914_stereo_right_camera_6.png	52007533	508	306	176
facedb/52007533/1521911490601313114_stereo_right_camera_7.png	52007533	508	306	176
facedb/52007533/1521911490860820055_stereo_right_camera_8.png	52007533	508	306	176
facedb/52007533/1521911491131061077_stereo_right_camera_9.png	52007533	508	306	176
