facedb/1649195506/1495669187877146959_stereo_right_camera_0.png	1649195506	431	251	146
facedb/1649195506/1495669187992300033_stereo_right_camera_1.png	1649195506	431	251	146
facedb/1649195506/1495669188320925951_stereo_right_camera_2.png	1649195506	431	251	146
facedb/1649195506/1495669188634852886_stereo_right_camera_3.png	1649195506	431	251	146
facedb/1649195506/1495669189015868902_stereo_right_camera_4.png	1649195506	431	251	146
facedb/1649195506/1495669189225682020_stereo_right_camera_5.png	1649195506	431	251	146
facedb/1649195506/1495669189436301946_stereo_right_camera_6.png	1649195506	431	251	146
facedb/1649195506/1495669189586337089_stereo_right_camera_7.png	1649195506	431	251	146
facedb/1649195506/1495669189771693944_stereo_right_camera_8.png	1649195506	431	251	146
facedb/1649195506/1495669190544634103_stereo_right_camera_9.png	1649195506	431	251	146
