facedb/326016830/1521912355158324003_stereo_right_camera_0.png	326016830	900	359	240
facedb/326016830/1521912355440068960_stereo_right_camera_1.png	326016830	900	359	240
facedb/326016830/1521912355801022052_stereo_right_camera_2.png	326016830	900	359	240
facedb/326016830/1521912355801409006_stereo_right_camera_3.png	326016830	900	359	240
facedb/326016830/1521912356422837018_stereo_right_camera_4.png	326016830	900	359	240
facedb/326016830/1521912356680584907_stereo_right_camera_5.png	326016830	900	359	240
facedb/326016830/1521912356977302074_stereo_right_camera_6.png	326016830	900	359	240
facedb/326016830/1521912357265904903_stereo_right_camera_7.png	326016830	900	359	240
facedb/326016830/1521912357561417102_stereo_right_camera_8.png	326016830	900	359	240
facedb/326016830/1521912357902770996_stereo_right_camera_9.png	326016830	900	359	240
