facedb/97699225/1497720817500839948_stereo_right_camera_0.png	97699225	580	353	225
facedb/97699225/1497720817856839895_stereo_right_camera_1.png	97699225	580	353	225
facedb/97699225/1497720818341979980_stereo_right_camera_2.png	97699225	580	353	225
facedb/97699225/1497720818692665100_stereo_right_camera_3.png	97699225	580	353	225
facedb/97699225/1497720818844947099_stereo_right_camera_4.png	97699225	580	353	225
facedb/97699225/1497720819228349924_stereo_right_camera_5.png	97699225	580	353	225
facedb/97699225/1497720819420110940_stereo_right_camera_6.png	97699225	580	353	225
facedb/97699225/1497720819603581905_stereo_right_camera_7.png	97699225	580	353	225
facedb/97699225/1497720819976635932_stereo_right_camera_8.png	97699225	580	353	225
facedb/97699225/1497720820291341066_stereo_right_camera_9.png	97699225	580	353	225
