facedb/1368810887/1491053408965050935_stereo_right_camera_0.png	1368810887	563	215	83
facedb/1368810887/1491053409070688962_stereo_right_camera_1.png	1368810887	563	215	83
facedb/1368810887/1491053409153531074_stereo_right_camera_2.png	1368810887	563	215	83
facedb/1368810887/1491053409235409975_stereo_right_camera_3.png	1368810887	563	215	83
facedb/1368810887/1491053409408370971_stereo_right_camera_4.png	1368810887	563	215	83
facedb/1368810887/1491053409520267963_stereo_right_camera_5.png	1368810887	563	215	83
facedb/1368810887/1491053409616347074_stereo_right_camera_6.png	1368810887	563	215	83
facedb/1368810887/1491053409790018081_stereo_right_camera_7.png	1368810887	563	215	83
facedb/1368810887/1491053409899789094_stereo_right_camera_8.png	1368810887	563	215	83
facedb/1368810887/1491053410048528909_stereo_right_camera_9.png	1368810887	563	215	83
