facedb/130126853/1497725636266859054_stereo_right_camera_0.png	130126853	616	253	108
facedb/130126853/1497725636484925985_stereo_right_camera_1.png	130126853	616	253	108
facedb/130126853/1497725636836580991_stereo_right_camera_2.png	130126853	616	253	108
facedb/130126853/1497725637031817913_stereo_right_camera_3.png	130126853	616	253	108
facedb/130126853/1497725637466931104_stereo_right_camera_4.png	130126853	616	253	108
facedb/130126853/1497725637674503087_stereo_right_camera_5.png	130126853	616	253	108
facedb/130126853/1497725638057655096_stereo_right_camera_6.png	130126853	616	253	108
facedb/130126853/1497725638252083063_stereo_right_camera_7.png	130126853	616	253	108
facedb/130126853/1497725639006201982_stereo_right_camera_8.png	130126853	616	253	108
facedb/130126853/1497725639149245977_stereo_right_camera_9.png	130126853	616	253	108
