facedb/1460190617/1501792069854698896_stereo_right_camera_0.png	1460190617	408	213	137
facedb/1460190617/1501792070133900880_stereo_right_camera_1.png	1460190617	408	213	137
facedb/1460190617/1501792070365881919_stereo_right_camera_2.png	1460190617	408	213	137
facedb/1460190617/1501792070752968072_stereo_right_camera_3.png	1460190617	408	213	137
facedb/1460190617/1501792070996576070_stereo_right_camera_4.png	1460190617	408	213	137
facedb/1460190617/1501792071217729091_stereo_right_camera_5.png	1460190617	408	213	137
facedb/1460190617/1501792071518522024_stereo_right_camera_6.png	1460190617	408	213	137
facedb/1460190617/1501792071738168954_stereo_right_camera_7.png	1460190617	408	213	137
facedb/1460190617/1501792071951150894_stereo_right_camera_8.png	1460190617	408	213	137
facedb/1460190617/1501792072256118059_stereo_right_camera_9.png	1460190617	408	213	137
