facedb/1619428841/1491054129867448091_stereo_right_camera_0.png	1619428841	499	246	108
facedb/1619428841/1491054130079485893_stereo_right_camera_1.png	1619428841	499	246	108
facedb/1619428841/1491054130269932031_stereo_right_camera_2.png	1619428841	499	246	108
facedb/1619428841/1491054130372036933_stereo_right_camera_3.png	1619428841	499	246	108
facedb/1619428841/1491054130791615009_stereo_right_camera_4.png	1619428841	499	246	108
facedb/1619428841/1491054130962502002_stereo_right_camera_5.png	1619428841	499	246	108
facedb/1619428841/1491054131387674093_stereo_right_camera_6.png	1619428841	499	246	108
facedb/1619428841/1491054131722424983_stereo_right_camera_7.png	1619428841	499	246	108
facedb/1619428841/1491054131879333972_stereo_right_camera_8.png	1619428841	499	246	108
facedb/1619428841/1491054132127444028_stereo_right_camera_9.png	1619428841	499	246	108
