facedb/55536164/1523109581605427026_stereo_right_camera_0.png	55536164	598	297	174
facedb/55536164/1523109581809469938_stereo_right_camera_1.png	55536164	598	297	174
facedb/55536164/1523109582045428991_stereo_right_camera_2.png	55536164	598	297	174
facedb/55536164/1523109582286381959_stereo_right_camera_3.png	55536164	598	297	174
facedb/55536164/1523109582521686077_stereo_right_camera_4.png	55536164	598	297	174
facedb/55536164/1523109582756068944_stereo_right_camera_5.png	55536164	598	297	174
facedb/55536164/1523109583026483058_stereo_right_camera_6.png	55536164	598	297	174
facedb/55536164/1523109583280603885_stereo_right_camera_7.png	55536164	598	297	174
facedb/55536164/1523109583555066108_stereo_right_camera_8.png	55536164	598	297	174
facedb/55536164/1523109583662729978_stereo_right_camera_9.png	55536164	598	297	174
