facedb/983860266/1497719671283030986_stereo_right_camera_0.png	983860266	416	259	160
facedb/983860266/1497719671448838949_stereo_right_camera_1.png	983860266	416	259	160
facedb/983860266/1497719671715230941_stereo_right_camera_2.png	983860266	416	259	160
facedb/983860266/1497719671964895009_stereo_right_camera_3.png	983860266	416	259	160
facedb/983860266/1497719672053694963_stereo_right_camera_4.png	983860266	416	259	160
facedb/983860266/1497719672288418054_stereo_right_camera_5.png	983860266	416	259	160
facedb/983860266/1497719672516369104_stereo_right_camera_6.png	983860266	416	259	160
facedb/983860266/1497719672723256111_stereo_right_camera_7.png	983860266	416	259	160
facedb/983860266/1497719672913512945_stereo_right_camera_8.png	983860266	416	259	160
facedb/983860266/1497719673155016899_stereo_right_camera_9.png	983860266	416	259	160
