facedb/271603997/1491074341288382053_stereo_right_camera_0.png	271603997	376	232	135
facedb/271603997/1491074341558613061_stereo_right_camera_1.png	271603997	376	232	135
facedb/271603997/1491074341728343963_stereo_right_camera_2.png	271603997	376	232	135
facedb/271603997/1491074341926044940_stereo_right_camera_3.png	271603997	376	232	135
facedb/271603997/1491074342052813053_stereo_right_camera_4.png	271603997	376	232	135
facedb/271603997/1491074342177556037_stereo_right_camera_5.png	271603997	376	232	135
facedb/271603997/1491074342414226055_stereo_right_camera_6.png	271603997	376	232	135
facedb/271603997/1491074342521433115_stereo_right_camera_7.png	271603997	376	232	135
facedb/271603997/1491074342973316907_stereo_right_camera_8.png	271603997	376	232	135
facedb/271603997/1491074343108275890_stereo_right_camera_9.png	271603997	376	232	135
