facedb/241764588/1490830264773695945_stereo_right_camera_0.png	241764588	666	356	109
facedb/241764588/1490830265368429899_stereo_right_camera_1.png	241764588	666	356	109
facedb/241764588/1490830265482614994_stereo_right_camera_2.png	241764588	666	356	109
facedb/241764588/1490830265737327098_stereo_right_camera_3.png	241764588	666	356	109
facedb/241764588/1490830265854490041_stereo_right_camera_4.png	241764588	666	356	109
facedb/241764588/1490830266105529069_stereo_right_camera_5.png	241764588	666	356	109
facedb/241764588/1490830266211056947_stereo_right_camera_6.png	241764588	666	356	109
facedb/241764588/1490830266704780101_stereo_right_camera_7.png	241764588	666	356	109
facedb/241764588/1490830267051791906_stereo_right_camera_8.png	241764588	666	356	109
facedb/241764588/1490830267421381950_stereo_right_camera_9.png	241764588	666	356	109
