facedb/952452605/1505675640188241004_stereo_right_camera_0.png	952452605	511	292	181
facedb/952452605/1505675640374139070_stereo_right_camera_1.png	952452605	511	292	181
facedb/952452605/1505675640578821897_stereo_right_camera_2.png	952452605	511	292	181
facedb/952452605/1505675640871995925_stereo_right_camera_3.png	952452605	511	292	181
facedb/952452605/1505675641067267894_stereo_right_camera_4.png	952452605	511	292	181
facedb/952452605/1505675641241571903_stereo_right_camera_5.png	952452605	511	292	181
facedb/952452605/1505675641612687110_stereo_right_camera_6.png	952452605	511	292	181
facedb/952452605/1505675641873898029_stereo_right_camera_7.png	952452605	511	292	181
facedb/952452605/1505675642064300060_stereo_right_camera_8.png	952452605	511	292	181
facedb/952452605/1505675642282706975_stereo_right_camera_9.png	952452605	511	292	181
