facedb/955651306/1521906125329993963_stereo_right_camera_0.png	955651306	531	346	221
facedb/955651306/1521906125592932939_stereo_right_camera_1.png	955651306	531	346	221
facedb/955651306/1521906125806164979_stereo_right_camera_2.png	955651306	531	346	221
facedb/955651306/1521906126024519920_stereo_right_camera_3.png	955651306	531	346	221
facedb/955651306/1521906126507683038_stereo_right_camera_4.png	955651306	531	346	221
facedb/955651306/1521906127217056989_stereo_right_camera_5.png	955651306	531	346	221
facedb/955651306/1521906127695502996_stereo_right_camera_6.png	955651306	531	346	221
facedb/955651306/1521906127946736097_stereo_right_camera_7.png	955651306	531	346	221
facedb/955651306/1521906128174501895_stereo_right_camera_8.png	955651306	531	346	221
facedb/955651306/1521906128427773952_stereo_right_camera_9.png	955651306	531	346	221
