facedb/1107544683/1491077289249259948_stereo_right_camera_0.png	1107544683	596	358	167
facedb/1107544683/1491077289704930067_stereo_right_camera_1.png	1107544683	596	358	167
facedb/1107544683/1491077289799468994_stereo_right_camera_2.png	1107544683	596	358	167
facedb/1107544683/1491077290151762008_stereo_right_camera_3.png	1107544683	596	358	167
facedb/1107544683/1491077290487888097_stereo_right_camera_4.png	1107544683	596	358	167
facedb/1107544683/1491077290549652099_stereo_right_camera_5.png	1107544683	596	358	167
facedb/1107544683/1491077290715416908_stereo_right_camera_6.png	1107544683	596	358	167
facedb/1107544683/1491077290976334095_stereo_right_camera_7.png	1107544683	596	358	167
facedb/1107544683/1491077291214205026_stereo_right_camera_8.png	1107544683	596	358	167
facedb/1107544683/1491077291321126937_stereo_right_camera_9.png	1107544683	596	358	167
