facedb/1155760367/1497724580317925930_stereo_right_camera_0.png	1155760367	662	346	115
facedb/1155760367/1497724580564498901_stereo_right_camera_1.png	1155760367	662	346	115
facedb/1155760367/1497724581111597061_stereo_right_camera_2.png	1155760367	662	346	115
facedb/1155760367/1497724581426456928_stereo_right_camera_3.png	1155760367	662	346	115
facedb/1155760367/1497724581543809890_stereo_right_camera_4.png	1155760367	662	346	115
facedb/1155760367/1497724581815009117_stereo_right_camera_5.png	1155760367	662	346	115
facedb/1155760367/1497724582034524917_stereo_right_camera_6.png	1155760367	662	346	115
facedb/1155760367/1497724582156578063_stereo_right_camera_7.png	1155760367	662	346	115
facedb/1155760367/1497724582415009975_stereo_right_camera_8.png	1155760367	662	346	115
facedb/1155760367/1497724582551131963_stereo_right_camera_9.png	1155760367	662	346	115
