facedb/322616893/1490233319221157073_stereo_right_camera_0.png	322616893	458	275	127
facedb/322616893/1490233319297985076_stereo_right_camera_1.png	322616893	458	275	127
facedb/322616893/1490233319410958051_stereo_right_camera_2.png	322616893	458	275	127
facedb/322616893/1490233319512710094_stereo_right_camera_3.png	322616893	458	275	127
facedb/322616893/1490233319589525938_stereo_right_camera_4.png	322616893	458	275	127
facedb/322616893/1490233319673083066_stereo_right_camera_5.png	322616893	458	275	127
facedb/322616893/1490233319758322000_stereo_right_camera_6.png	322616893	458	275	127
facedb/322616893/1490233319841545104_stereo_right_camera_7.png	322616893	458	275	127
facedb/322616893/1490233320337585926_stereo_right_camera_8.png	322616893	458	275	127
facedb/322616893/1490233320478024005_stereo_right_camera_9.png	322616893	458	275	127
