facedb/1301583152/1490233314249990940_stereo_left_camera_0.png	1301583152	424	257	145
facedb/1301583152/1490233314346414089_stereo_left_camera_1.png	1301583152	424	257	145
facedb/1301583152/1490233314425857067_stereo_left_camera_2.png	1301583152	424	257	145
facedb/1301583152/1490233314661811113_stereo_left_camera_3.png	1301583152	424	257	145
facedb/1301583152/1490233314892333984_stereo_left_camera_4.png	1301583152	424	257	145
facedb/1301583152/1490233315244479894_stereo_left_camera_5.png	1301583152	424	257	145
facedb/1301583152/1490233315496603012_stereo_left_camera_6.png	1301583152	424	257	145
facedb/1301583152/1490233315936861038_stereo_left_camera_7.png	1301583152	424	257	145
facedb/1301583152/1490233316283906936_stereo_left_camera_8.png	1301583152	424	257	145
facedb/1301583152/1490233316532927036_stereo_left_camera_9.png	1301583152	424	257	145
