facedb/953952200/1497719696724781036_stereo_left_camera_0.png	953952200	493	307	201
facedb/953952200/1497719696847434043_stereo_left_camera_1.png	953952200	493	307	201
facedb/953952200/1497719697109714984_stereo_left_camera_2.png	953952200	493	307	201
facedb/953952200/1497719697307817935_stereo_left_camera_3.png	953952200	493	307	201
facedb/953952200/1497719697509416103_stereo_left_camera_4.png	953952200	493	307	201
facedb/953952200/1497719697734311103_stereo_left_camera_5.png	953952200	493	307	201
facedb/953952200/1497719697955190896_stereo_left_camera_6.png	953952200	493	307	201
facedb/953952200/1497719698054346084_stereo_left_camera_7.png	953952200	493	307	201
facedb/953952200/1497719698393716096_stereo_left_camera_8.png	953952200	493	307	201
facedb/953952200/1497719698614617109_stereo_left_camera_9.png	953952200	493	307	201
