facedb/266626978/1495669177215955018_stereo_right_camera_0.png	266626978	634	497	353
facedb/266626978/1495669178070379018_stereo_right_camera_1.png	266626978	634	497	353
facedb/266626978/1495669178265172004_stereo_right_camera_2.png	266626978	634	497	353
facedb/266626978/1495669178443062067_stereo_right_camera_3.png	266626978	634	497	353
facedb/266626978/1495669178848237037_stereo_right_camera_4.png	266626978	634	497	353
facedb/266626978/1495669179028197050_stereo_right_camera_5.png	266626978	634	497	353
facedb/266626978/1495669179246608972_stereo_right_camera_6.png	266626978	634	497	353
facedb/266626978/1495669179449348926_stereo_right_camera_7.png	266626978	634	497	353
facedb/266626978/1495669179765842914_stereo_right_camera_8.png	266626978	634	497	353
facedb/266626978/1495669179975198030_stereo_right_camera_9.png	266626978	634	497	353
