facedb/1768099673/1490464752976834058_stereo_right_camera_0.png	1768099673	548	364	198
facedb/1768099673/1490464753095233917_stereo_right_camera_1.png	1768099673	548	364	198
facedb/1768099673/1490464753218492984_stereo_right_camera_2.png	1768099673	548	364	198
facedb/1768099673/1490464753322386980_stereo_right_camera_3.png	1768099673	548	364	198
facedb/1768099673/1490464753425136089_stereo_right_camera_4.png	1768099673	548	364	198
facedb/1768099673/1490464753425327062_stereo_right_camera_5.png	1768099673	548	364	198
facedb/1768099673/1490464753553528070_stereo_right_camera_6.png	1768099673	548	364	198
facedb/1768099673/1490464753673640966_stereo_right_camera_7.png	1768099673	548	364	198
facedb/1768099673/1490464753786449909_stereo_right_camera_8.png	1768099673	548	364	198
facedb/1768099673/1490464753908052921_stereo_right_camera_9.png	1768099673	548	364	198
