facedb/861144694/1491074295870542049_stereo_right_camera_0.png	861144694	528	299	170
facedb/861144694/1491074296052232027_stereo_right_camera_1.png	861144694	528	299	170
facedb/861144694/1491074296121196031_stereo_right_camera_2.png	861144694	528	299	170
facedb/861144694/1491074296378463029_stereo_right_camera_3.png	861144694	528	299	170
facedb/861144694/1491074296599446058_stereo_right_camera_4.png	861144694	528	299	170
facedb/861144694/1491074296786998987_stereo_right_camera_5.png	861144694	528	299	170
facedb/861144694/1491074296898597002_stereo_right_camera_6.png	861144694	528	299	170
facedb/861144694/1491074296982863903_stereo_right_camera_7.png	861144694	528	299	170
facedb/861144694/1491074297288419961_stereo_right_camera_8.png	861144694	528	299	170
facedb/861144694/1491074297465099096_stereo_right_camera_9.png	861144694	528	299	170
