facedb/1980824485/1495668367832053899_stereo_right_camera_0.png	1980824485	356	239	142
facedb/1980824485/1495668368059861898_stereo_right_camera_1.png	1980824485	356	239	142
facedb/1980824485/1495668368267133951_stereo_right_camera_2.png	1980824485	356	239	142
facedb/1980824485/1495668368374183893_stereo_right_camera_3.png	1980824485	356	239	142
facedb/1980824485/1495668368598561048_stereo_right_camera_4.png	1980824485	356	239	142
facedb/1980824485/1495668368791315078_stereo_right_camera_5.png	1980824485	356	239	142
facedb/1980824485/1495668368999428033_stereo_right_camera_6.png	1980824485	356	239	142
facedb/1980824485/1495668369389154911_stereo_right_camera_7.png	1980824485	356	239	142
facedb/1980824485/1495668369588449954_stereo_right_camera_8.png	1980824485	356	239	142
facedb/1980824485/1495668369763551950_stereo_right_camera_9.png	1980824485	356	239	142
