facedb/1783077051/1505673939663283109_stereo_right_camera_0.png	1783077051	450	294	152
facedb/1783077051/1505673940337966918_stereo_right_camera_1.png	1783077051	450	294	152
facedb/1783077051/1505673940522847890_stereo_right_camera_2.png	1783077051	450	294	152
facedb/1783077051/1505673940693501949_stereo_right_camera_3.png	1783077051	450	294	152
facedb/1783077051/1505673940919681072_stereo_right_camera_4.png	1783077051	450	294	152
facedb/1783077051/1505673941114505052_stereo_right_camera_5.png	1783077051	450	294	152
facedb/1783077051/1505673941403414964_stereo_right_camera_6.png	1783077051	450	294	152
facedb/1783077051/1505673941574801921_stereo_right_camera_7.png	1783077051	450	294	152
facedb/1783077051/1505673941766248941_stereo_right_camera_8.png	1783077051	450	294	152
facedb/1783077051/1505673941936261892_stereo_right_camera_9.png	1783077051	450	294	152
