facedb/1230287621/1495669174061572074_stereo_right_camera_0.png	1230287621	628	407	213
facedb/1230287621/1495669174859498977_stereo_right_camera_1.png	1230287621	628	407	213
facedb/1230287621/1495669175006213903_stereo_right_camera_2.png	1230287621	628	407	213
facedb/1230287621/1495669175339863061_stereo_right_camera_3.png	1230287621	628	407	213
facedb/1230287621/1495669175516359090_stereo_right_camera_4.png	1230287621	628	407	213
facedb/1230287621/1495669175842454910_stereo_right_camera_5.png	1230287621	628	407	213
facedb/1230287621/1495669176308847904_stereo_right_camera_6.png	1230287621	628	407	213
facedb/1230287621/1495669176626435995_stereo_right_camera_7.png	1230287621	628	407	213
facedb/1230287621/1495669176871731996_stereo_right_camera_8.png	1230287621	628	407	213
facedb/1230287621/1495669177055110931_stereo_right_camera_9.png	1230287621	628	407	213
