facedb/372638327/1497724321178512096_stereo_right_camera_0.png	372638327	590	406	237
facedb/372638327/1497724321629587888_stereo_right_camera_1.png	372638327	590	406	237
facedb/372638327/1497724322243117094_stereo_right_camera_2.png	372638327	590	406	237
facedb/372638327/1497724322410360097_stereo_right_camera_3.png	372638327	590	406	237
facedb/372638327/1497724322637765884_stereo_right_camera_4.png	372638327	590	406	237
facedb/372638327/1497724323085318088_stereo_right_camera_5.png	372638327	590	406	237
facedb/372638327/1497724323426333904_stereo_right_camera_6.png	372638327	590	406	237
facedb/372638327/1497724323878326892_stereo_right_camera_7.png	372638327	590	406	237
facedb/372638327/1497724324312725067_stereo_right_camera_8.png	372638327	590	406	237
facedb/372638327/1497724324510349988_stereo_right_camera_9.png	372638327	590	406	237
