facedb/1901986455/1495671501007976055_stereo_right_camera_0.png	1901986455	398	244	153
facedb/1901986455/1495671501184667110_stereo_right_camera_1.png	1901986455	398	244	153
facedb/1901986455/1495671501441803932_stereo_right_camera_2.png	1901986455	398	244	153
facedb/1901986455/1495671501523067951_stereo_right_camera_3.png	1901986455	398	244	153
facedb/1901986455/1495671501826927900_stereo_right_camera_4.png	1901986455	398	244	153
facedb/1901986455/1495671502034668922_stereo_right_camera_5.png	1901986455	398	244	153
facedb/1901986455/1495671502224419116_stereo_right_camera_6.png	1901986455	398	244	153
facedb/1901986455/1495671502717025995_stereo_right_camera_7.png	1901986455	398	244	153
facedb/1901986455/1495671502828450918_stereo_right_camera_8.png	1901986455	398	244	153
facedb/1901986455/1495671502923914909_stereo_right_camera_9.png	1901986455	398	244	153
