facedb/345746180/1491062747948484897_stereo_right_camera_0.png	345746180	532	294	167
facedb/345746180/1491062748344348907_stereo_right_camera_1.png	345746180	532	294	167
facedb/345746180/1491062748464483022_stereo_right_camera_2.png	345746180	532	294	167
facedb/345746180/1491062748868542909_stereo_right_camera_3.png	345746180	532	294	167
facedb/345746180/1491062749272604942_stereo_right_camera_4.png	345746180	532	294	167
facedb/345746180/1491062749365386962_stereo_right_camera_5.png	345746180	532	294	167
facedb/345746180/1491062749584059000_stereo_right_camera_6.png	345746180	532	294	167
facedb/345746180/1491062749697309017_stereo_right_camera_7.png	345746180	532	294	167
facedb/345746180/1491062749823159933_stereo_right_camera_8.png	345746180	532	294	167
facedb/345746180/1491062750101649045_stereo_right_camera_9.png	345746180	532	294	167
