facedb/371143296/1491062010876451015_stereo_right_camera_0.png	371143296	525	224	68
facedb/371143296/1491062010986186981_stereo_right_camera_1.png	371143296	525	224	68
facedb/371143296/1491062011069040060_stereo_right_camera_2.png	371143296	525	224	68
facedb/371143296/1491062011166505098_stereo_right_camera_3.png	371143296	525	224	68
facedb/371143296/1491062011301101922_stereo_right_camera_4.png	371143296	525	224	68
facedb/371143296/1491062011366219997_stereo_right_camera_5.png	371143296	525	224	68
facedb/371143296/1491062011601763963_stereo_right_camera_6.png	371143296	525	224	68
facedb/371143296/1491062011890574932_stereo_right_camera_7.png	371143296	525	224	68
facedb/371143296/1491062012043996095_stereo_right_camera_8.png	371143296	525	224	68
facedb/371143296/1491062012121202945_stereo_right_camera_9.png	371143296	525	224	68
