facedb/1234459203/1495671512902280092_stereo_right_camera_0.png	1234459203	516	317	205
facedb/1234459203/1495671513068979978_stereo_right_camera_1.png	1234459203	516	317	205
facedb/1234459203/1495671513479600906_stereo_right_camera_2.png	1234459203	516	317	205
facedb/1234459203/1495671514026499986_stereo_right_camera_3.png	1234459203	516	317	205
facedb/1234459203/1495671514437771081_stereo_right_camera_4.png	1234459203	516	317	205
facedb/1234459203/1495671514611864089_stereo_right_camera_5.png	1234459203	516	317	205
facedb/1234459203/1495671514789221048_stereo_right_camera_6.png	1234459203	516	317	205
facedb/1234459203/1495671514959522962_stereo_right_camera_7.png	1234459203	516	317	205
facedb/1234459203/1495671515374612092_stereo_right_camera_8.png	1234459203	516	317	205
facedb/1234459203/1495671515547353029_stereo_right_camera_9.png	1234459203	516	317	205
