facedb/625870939/1508513223948724985_stereo_right_camera_0.png	625870939	900	340	158
facedb/625870939/1508513224129750013_stereo_right_camera_1.png	625870939	900	340	158
facedb/625870939/1508513224418977975_stereo_right_camera_2.png	625870939	900	340	158
facedb/625870939/1508513224642410039_stereo_right_camera_3.png	625870939	900	340	158
facedb/625870939/1508513224873990058_stereo_right_camera_4.png	625870939	900	340	158
facedb/625870939/1508513224874392986_stereo_right_camera_5.png	625870939	900	340	158
facedb/625870939/1508513225313292980_stereo_right_camera_6.png	625870939	900	340	158
facedb/625870939/1508513225542534112_stereo_right_camera_7.png	625870939	900	340	158
facedb/625870939/1508513225930068016_stereo_right_camera_8.png	625870939	900	340	158
facedb/625870939/1508513226183140993_stereo_right_camera_9.png	625870939	900	340	158
