facedb/871848391/1495671515764868021_stereo_right_camera_0.png	871848391	575	367	212
facedb/871848391/1495671516046504974_stereo_right_camera_1.png	871848391	575	367	212
facedb/871848391/1495671516463521957_stereo_right_camera_2.png	871848391	575	367	212
facedb/871848391/1495671516701105117_stereo_right_camera_3.png	871848391	575	367	212
facedb/871848391/1495671516878396034_stereo_right_camera_4.png	871848391	575	367	212
facedb/871848391/1495671517328922986_stereo_right_camera_5.png	871848391	575	367	212
facedb/871848391/1495671517492794036_stereo_right_camera_6.png	871848391	575	367	212
facedb/871848391/1495671517686973094_stereo_right_camera_7.png	871848391	575	367	212
facedb/871848391/1495671517881962060_stereo_right_camera_8.png	871848391	575	367	212
facedb/871848391/1495671518151050090_stereo_right_camera_9.png	871848391	575	367	212
