facedb/487119221/1501792287304922103_stereo_right_camera_0.png	487119221	561	344	195
facedb/487119221/1501792287501729011_stereo_right_camera_1.png	487119221	561	344	195
facedb/487119221/1501792287701505899_stereo_right_camera_2.png	487119221	561	344	195
facedb/487119221/1501792287824275970_stereo_right_camera_3.png	487119221	561	344	195
facedb/487119221/1501792288138657093_stereo_right_camera_4.png	487119221	561	344	195
facedb/487119221/1501792288457252025_stereo_right_camera_5.png	487119221	561	344	195
facedb/487119221/1501792288638331890_stereo_right_camera_6.png	487119221	561	344	195
facedb/487119221/1501792288871155977_stereo_right_camera_7.png	487119221	561	344	195
facedb/487119221/1501792289174257993_stereo_right_camera_8.png	487119221	561	344	195
facedb/487119221/1501792289388732910_stereo_right_camera_9.png	487119221	561	344	195
