facedb/1815287080/1490231614299477100_stereo_right_camera_0.png	1815287080	546	353	239
facedb/1815287080/1490231614911760091_stereo_right_camera_1.png	1815287080	546	353	239
facedb/1815287080/1490231615150080919_stereo_right_camera_2.png	1815287080	546	353	239
facedb/1815287080/1490231615347872018_stereo_right_camera_3.png	1815287080	546	353	239
facedb/1815287080/1490231615533478975_stereo_right_camera_4.png	1815287080	546	353	239
facedb/1815287080/1490231615637140989_stereo_right_camera_5.png	1815287080	546	353	239
facedb/1815287080/1490231615708154916_stereo_right_camera_6.png	1815287080	546	353	239
facedb/1815287080/1490231615775532007_stereo_right_camera_7.png	1815287080	546	353	239
facedb/1815287080/1490231615838851928_stereo_right_camera_8.png	1815287080	546	353	239
facedb/1815287080/1490231615929462909_stereo_right_camera_9.png	1815287080	546	353	239
