facedb/1389902168/1493487260024671077_stereo_right_camera_0.png	1389902168	507	364	234
facedb/1389902168/1493487260407623052_stereo_right_camera_1.png	1389902168	507	364	234
facedb/1389902168/1493487260577908039_stereo_right_camera_2.png	1389902168	507	364	234
facedb/1389902168/1493487260653182029_stereo_right_camera_3.png	1389902168	507	364	234
facedb/1389902168/1493487260984319925_stereo_right_camera_4.png	1389902168	507	364	234
facedb/1389902168/1493487261087203979_stereo_right_camera_5.png	1389902168	507	364	234
facedb/1389902168/1493487261241399049_stereo_right_camera_6.png	1389902168	507	364	234
facedb/1389902168/1493487261423753023_stereo_right_camera_7.png	1389902168	507	364	234
facedb/1389902168/1493487261691927909_stereo_right_camera_8.png	1389902168	507	364	234
facedb/1389902168/1493487261806809902_stereo_right_camera_9.png	1389902168	507	364	234
