facedb/1270303519/1494457516885453939_stereo_right_camera_0.png	1270303519	565	411	280
facedb/1270303519/1494457517048993110_stereo_right_camera_1.png	1270303519	565	411	280
facedb/1270303519/1494457517337126970_stereo_right_camera_2.png	1270303519	565	411	280
facedb/1270303519/1494457517653861045_stereo_right_camera_3.png	1270303519	565	411	280
facedb/1270303519/1494457517866122961_stereo_right_camera_4.png	1270303519	565	411	280
facedb/1270303519/1494457517950673103_stereo_right_camera_5.png	1270303519	565	411	280
facedb/1270303519/1494457518120364904_stereo_right_camera_6.png	1270303519	565	411	280
facedb/1270303519/1494457518281507968_stereo_right_camera_7.png	1270303519	565	411	280
facedb/1270303519/1494457518437148094_stereo_right_camera_8.png	1270303519	565	411	280
facedb/1270303519/1494457518588855028_stereo_right_camera_9.png	1270303519	565	411	280
