facedb/1021574306/1521906790740305900_stereo_right_camera_0.png	1021574306	420	282	160
facedb/1021574306/1521906791059267044_stereo_right_camera_1.png	1021574306	420	282	160
facedb/1021574306/1521906791372442960_stereo_right_camera_2.png	1021574306	420	282	160
facedb/1021574306/1521906791639411926_stereo_right_camera_3.png	1021574306	420	282	160
facedb/1021574306/1521906791947978019_stereo_right_camera_4.png	1021574306	420	282	160
facedb/1021574306/1521906792259645938_stereo_right_camera_5.png	1021574306	420	282	160
facedb/1021574306/1521906792479753017_stereo_right_camera_6.png	1021574306	420	282	160
facedb/1021574306/1521906792698276996_stereo_right_camera_7.png	1021574306	420	282	160
facedb/1021574306/1521906793000272035_stereo_right_camera_8.png	1021574306	420	282	160
facedb/1021574306/1521906793319039106_stereo_right_camera_9.png	1021574306	420	282	160
