facedb/1088916693/1494102578745563983_stereo_right_camera_0.png	1088916693	436	224	91
facedb/1088916693/1494102579208153963_stereo_right_camera_1.png	1088916693	436	224	91
facedb/1088916693/1494102579835618019_stereo_right_camera_2.png	1088916693	436	224	91
facedb/1088916693/1494102579942995071_stereo_right_camera_3.png	1088916693	436	224	91
facedb/1088916693/1494102580134871006_stereo_right_camera_4.png	1088916693	436	224	91
facedb/1088916693/1494102580334819078_stereo_right_camera_5.png	1088916693	436	224	91
facedb/1088916693/1494102580446624994_stereo_right_camera_6.png	1088916693	436	224	91
facedb/1088916693/1494102580646781921_stereo_right_camera_7.png	1088916693	436	224	91
facedb/1088916693/1494102580751497983_stereo_right_camera_8.png	1088916693	436	224	91
facedb/1088916693/1494102581373059034_stereo_right_camera_9.png	1088916693	436	224	91
