facedb/1609817527/1491069363898397922_stereo_right_camera_0.png	1609817527	560	278	65
facedb/1609817527/1491069364098510026_stereo_right_camera_1.png	1609817527	560	278	65
facedb/1609817527/1491069364379265069_stereo_right_camera_2.png	1609817527	560	278	65
facedb/1609817527/1491069364623249053_stereo_right_camera_3.png	1609817527	560	278	65
facedb/1609817527/1491069364706192016_stereo_right_camera_4.png	1609817527	560	278	65
facedb/1609817527/1491069364803808927_stereo_right_camera_5.png	1609817527	560	278	65
facedb/1609817527/1491069364990576982_stereo_right_camera_6.png	1609817527	560	278	65
facedb/1609817527/1491069365273825883_stereo_right_camera_7.png	1609817527	560	278	65
facedb/1609817527/1491069365437472105_stereo_right_camera_8.png	1609817527	560	278	65
facedb/1609817527/1491069366052115917_stereo_right_camera_9.png	1609817527	560	278	65
