facedb/1626299219/1490232989429263114_stereo_right_camera_0.png	1626299219	500	227	143
facedb/1626299219/1490232989484332084_stereo_right_camera_1.png	1626299219	500	227	143
facedb/1626299219/1490232989561876058_stereo_right_camera_2.png	1626299219	500	227	143
facedb/1626299219/1490232989878431081_stereo_right_camera_3.png	1626299219	500	227	143
facedb/1626299219/1490232990224247932_stereo_right_camera_4.png	1626299219	500	227	143
facedb/1626299219/1490232990854312896_stereo_right_camera_5.png	1626299219	500	227	143
facedb/1626299219/1490232991009109973_stereo_right_camera_6.png	1626299219	500	227	143
facedb/1626299219/1490232991904995918_stereo_right_camera_7.png	1626299219	500	227	143
facedb/1626299219/1490232991987823009_stereo_right_camera_8.png	1626299219	500	227	143
facedb/1626299219/1490232992141244888_stereo_right_camera_9.png	1626299219	500	227	143
