facedb/1269845432/1493484107245716094_stereo_right_camera_0.png	1269845432	552	389	217
facedb/1269845432/1493484107469324111_stereo_right_camera_1.png	1269845432	552	389	217
facedb/1269845432/1493484107593205928_stereo_right_camera_2.png	1269845432	552	389	217
facedb/1269845432/1493484107791285037_stereo_right_camera_3.png	1269845432	552	389	217
facedb/1269845432/1493484107882086992_stereo_right_camera_4.png	1269845432	552	389	217
facedb/1269845432/1493484108074343919_stereo_right_camera_5.png	1269845432	552	389	217
facedb/1269845432/1493484108262867927_stereo_right_camera_6.png	1269845432	552	389	217
facedb/1269845432/1493484108476985931_stereo_right_camera_7.png	1269845432	552	389	217
facedb/1269845432/1493484108568129062_stereo_right_camera_8.png	1269845432	552	389	217
facedb/1269845432/1493484108763022899_stereo_right_camera_9.png	1269845432	552	389	217
