facedb/1355133057/1491062865733800888_stereo_right_camera_0.png	1355133057	360	228	130
facedb/1355133057/1491062865875452041_stereo_right_camera_1.png	1355133057	360	228	130
facedb/1355133057/1491062865957062005_stereo_right_camera_2.png	1355133057	360	228	130
facedb/1355133057/1491062866152841091_stereo_right_camera_3.png	1355133057	360	228	130
facedb/1355133057/1491062866281846046_stereo_right_camera_4.png	1355133057	360	228	130
facedb/1355133057/1491062866381359100_stereo_right_camera_5.png	1355133057	360	228	130
facedb/1355133057/1491062866512244939_stereo_right_camera_6.png	1355133057	360	228	130
facedb/1355133057/1491062866601483106_stereo_right_camera_7.png	1355133057	360	228	130
facedb/1355133057/1491062866717806100_stereo_right_camera_8.png	1355133057	360	228	130
facedb/1355133057/1491062867061455011_stereo_right_camera_9.png	1355133057	360	228	130
