facedb/1569455616/1490464788270272016_stereo_right_camera_0.png	1569455616	565	390	231
facedb/1569455616/1490464788372421979_stereo_right_camera_1.png	1569455616	565	390	231
facedb/1569455616/1490464788715270996_stereo_right_camera_2.png	1569455616	565	390	231
facedb/1569455616/1490464788995057106_stereo_right_camera_3.png	1569455616	565	390	231
facedb/1569455616/1490464789094511032_stereo_right_camera_4.png	1569455616	565	390	231
facedb/1569455616/1490464789174099922_stereo_right_camera_5.png	1569455616	565	390	231
facedb/1569455616/1490464789272728919_stereo_right_camera_6.png	1569455616	565	390	231
facedb/1569455616/1490464789361522912_stereo_right_camera_7.png	1569455616	565	390	231
facedb/1569455616/1490464789449085950_stereo_right_camera_8.png	1569455616	565	390	231
facedb/1569455616/1490464789550013065_stereo_right_camera_9.png	1569455616	565	390	231
