facedb/764986202/1493484109104317903_stereo_right_camera_0.png	764986202	523	340	251
facedb/764986202/1493484109337996006_stereo_right_camera_1.png	764986202	523	340	251
facedb/764986202/1493484109450773000_stereo_right_camera_2.png	764986202	523	340	251
facedb/764986202/1493484109715405941_stereo_right_camera_3.png	764986202	523	340	251
facedb/764986202/1493484109829535961_stereo_right_camera_4.png	764986202	523	340	251
facedb/764986202/1493484109977791070_stereo_right_camera_5.png	764986202	523	340	251
facedb/764986202/1493484110401869058_stereo_right_camera_6.png	764986202	523	340	251
facedb/764986202/1493484110553860902_stereo_right_camera_7.png	764986202	523	340	251
facedb/764986202/1493484110745516061_stereo_right_camera_8.png	764986202	523	340	251
facedb/764986202/1493484110833581924_stereo_right_camera_9.png	764986202	523	340	251
