facedb/1910422940/1495669152110977888_stereo_left_camera_0.png	1910422940	513	276	143
facedb/1910422940/1495669153004971981_stereo_left_camera_1.png	1910422940	513	276	143
facedb/1910422940/1495669153211139917_stereo_left_camera_2.png	1910422940	513	276	143
facedb/1910422940/1495669153294559001_stereo_left_camera_3.png	1910422940	513	276	143
facedb/1910422940/1495669153571999073_stereo_left_camera_4.png	1910422940	513	276	143
facedb/1910422940/1495669153754642963_stereo_left_camera_5.png	1910422940	513	276	143
facedb/1910422940/1495669153862642049_stereo_left_camera_6.png	1910422940	513	276	143
facedb/1910422940/1495669153945569038_stereo_left_camera_7.png	1910422940	513	276	143
facedb/1910422940/1495669154358079910_stereo_left_camera_8.png	1910422940	513	276	143
facedb/1910422940/1495669154560405969_stereo_left_camera_9.png	1910422940	513	276	143
