facedb/1273536666/1490469527687311887_stereo_left_camera_0.png	1273536666	419	249	109
facedb/1273536666/1490469528075324058_stereo_left_camera_1.png	1273536666	419	249	109
facedb/1273536666/1490469528822112083_stereo_left_camera_2.png	1273536666	419	249	109
facedb/1273536666/1490469529223489046_stereo_left_camera_3.png	1273536666	419	249	109
facedb/1273536666/1490469529640193939_stereo_left_camera_4.png	1273536666	419	249	109
facedb/1273536666/1490469529800205945_stereo_left_camera_5.png	1273536666	419	249	109
facedb/1273536666/1490469530114491939_stereo_left_camera_6.png	1273536666	419	249	109
facedb/1273536666/1490469530293250083_stereo_left_camera_7.png	1273536666	419	249	109
facedb/1273536666/1490469530409732103_stereo_left_camera_8.png	1273536666	419	249	109
facedb/1273536666/1490469531051337003_stereo_left_camera_9.png	1273536666	419	249	109
