facedb/768943314/1491062646063874006_stereo_right_camera_0.png	768943314	527	276	133
facedb/768943314/1491062646231213092_stereo_right_camera_1.png	768943314	527	276	133
facedb/768943314/1491062646406354904_stereo_right_camera_2.png	768943314	527	276	133
facedb/768943314/1491062646516921997_stereo_right_camera_3.png	768943314	527	276	133
facedb/768943314/1491062646745099067_stereo_right_camera_4.png	768943314	527	276	133
facedb/768943314/1491062646850351095_stereo_right_camera_5.png	768943314	527	276	133
facedb/768943314/1491062647023093938_stereo_right_camera_6.png	768943314	527	276	133
facedb/768943314/1491062647485081911_stereo_right_camera_7.png	768943314	527	276	133
facedb/768943314/1491062647608547925_stereo_right_camera_8.png	768943314	527	276	133
facedb/768943314/1491062647703547000_stereo_right_camera_9.png	768943314	527	276	133
