facedb/250569508/1491084634935861110_stereo_right_camera_0.png	250569508	557	333	189
facedb/250569508/1491084635131403923_stereo_right_camera_1.png	250569508	557	333	189
facedb/250569508/1491084635537997007_stereo_right_camera_2.png	250569508	557	333	189
facedb/250569508/1491084635748996973_stereo_right_camera_3.png	250569508	557	333	189
facedb/250569508/1491084636138505935_stereo_right_camera_4.png	250569508	557	333	189
facedb/250569508/1491084636291474103_stereo_right_camera_5.png	250569508	557	333	189
facedb/250569508/1491084636501317024_stereo_right_camera_6.png	250569508	557	333	189
facedb/250569508/1491084636632997035_stereo_right_camera_7.png	250569508	557	333	189
facedb/250569508/1491084636825660943_stereo_right_camera_8.png	250569508	557	333	189
facedb/250569508/1491084637025650978_stereo_right_camera_9.png	250569508	557	333	189
