facedb/1869854181/1490469721489350080_stereo_right_camera_0.png	1869854181	437	288	175
facedb/1869854181/1490469722364089012_stereo_right_camera_1.png	1869854181	437	288	175
facedb/1869854181/1490469722632778882_stereo_right_camera_2.png	1869854181	437	288	175
facedb/1869854181/1490469722794030904_stereo_right_camera_3.png	1869854181	437	288	175
facedb/1869854181/1490469723057710886_stereo_right_camera_4.png	1869854181	437	288	175
facedb/1869854181/1490469723137154102_stereo_right_camera_5.png	1869854181	437	288	175
facedb/1869854181/1490469723326483964_stereo_right_camera_6.png	1869854181	437	288	175
facedb/1869854181/1490469723415538072_stereo_right_camera_7.png	1869854181	437	288	175
facedb/1869854181/1490469723577269077_stereo_right_camera_8.png	1869854181	437	288	175
facedb/1869854181/1490469723848714113_stereo_right_camera_9.png	1869854181	437	288	175
