facedb/902746291/1491074274406734943_stereo_right_camera_0.png	902746291	460	265	113
facedb/902746291/1491074274576859951_stereo_right_camera_1.png	902746291	460	265	113
facedb/902746291/1491074274819366931_stereo_right_camera_2.png	902746291	460	265	113
facedb/902746291/1491074275659655094_stereo_right_camera_3.png	902746291	460	265	113
facedb/902746291/1491074275769347906_stereo_right_camera_4.png	902746291	460	265	113
facedb/902746291/1491074276198820114_stereo_right_camera_5.png	902746291	460	265	113
facedb/902746291/1491074276419451951_stereo_right_camera_6.png	902746291	460	265	113
facedb/902746291/1491074276509779930_stereo_right_camera_7.png	902746291	460	265	113
facedb/902746291/1491074276606393098_stereo_right_camera_8.png	902746291	460	265	113
facedb/902746291/1491074276886684894_stereo_right_camera_9.png	902746291	460	265	113
