facedb/1380365913/1505596096806627035_stereo_right_camera_0.png	1380365913	512	315	138
facedb/1380365913/1505596097083338975_stereo_right_camera_1.png	1380365913	512	315	138
facedb/1380365913/1505596097296696901_stereo_right_camera_2.png	1380365913	512	315	138
facedb/1380365913/1505596097520500898_stereo_right_camera_3.png	1380365913	512	315	138
facedb/1380365913/1505596097928777933_stereo_right_camera_4.png	1380365913	512	315	138
facedb/1380365913/1505596098023925065_stereo_right_camera_5.png	1380365913	512	315	138
facedb/1380365913/1505596098204912900_stereo_right_camera_6.png	1380365913	512	315	138
facedb/1380365913/1505596099091031074_stereo_right_camera_7.png	1380365913	512	315	138
facedb/1380365913/1505596099278491020_stereo_right_camera_8.png	1380365913	512	315	138
facedb/1380365913/1505596099472676038_stereo_right_camera_9.png	1380365913	512	315	138
