facedb/1576484227/1490232935413376092_stereo_right_camera_0.png	1576484227	448	292	164
facedb/1576484227/1490232935496548891_stereo_right_camera_1.png	1576484227	448	292	164
facedb/1576484227/1490232935589762926_stereo_right_camera_2.png	1576484227	448	292	164
facedb/1576484227/1490232935747709989_stereo_right_camera_3.png	1576484227	448	292	164
facedb/1576484227/1490232935966245889_stereo_right_camera_4.png	1576484227	448	292	164
facedb/1576484227/1490232936087546110_stereo_right_camera_5.png	1576484227	448	292	164
facedb/1576484227/1490232936191602945_stereo_right_camera_6.png	1576484227	448	292	164
facedb/1576484227/1490232936290707111_stereo_right_camera_7.png	1576484227	448	292	164
facedb/1576484227/1490232936406493902_stereo_right_camera_8.png	1576484227	448	292	164
facedb/1576484227/1490232936485963106_stereo_right_camera_9.png	1576484227	448	292	164
