facedb/1709839325/1491074567813688993_stereo_right_camera_0.png	1709839325	575	328	173
facedb/1709839325/1491074568009150028_stereo_right_camera_1.png	1709839325	575	328	173
facedb/1709839325/1491074568350608110_stereo_right_camera_2.png	1709839325	575	328	173
facedb/1709839325/1491074568467874050_stereo_right_camera_3.png	1709839325	575	328	173
facedb/1709839325/1491074568680860042_stereo_right_camera_4.png	1709839325	575	328	173
facedb/1709839325/1491074568796132087_stereo_right_camera_5.png	1709839325	575	328	173
facedb/1709839325/1491074569046578884_stereo_right_camera_6.png	1709839325	575	328	173
facedb/1709839325/1491074569160046100_stereo_right_camera_7.png	1709839325	575	328	173
facedb/1709839325/1491074569503021955_stereo_right_camera_8.png	1709839325	575	328	173
facedb/1709839325/1491074569701128959_stereo_right_camera_9.png	1709839325	575	328	173
