facedb/580809452/1521903919289741039_stereo_right_camera_0.png	580809452	495	347	215
facedb/580809452/1521903919499517917_stereo_right_camera_1.png	580809452	495	347	215
facedb/580809452/1521903919712565898_stereo_right_camera_2.png	580809452	495	347	215
facedb/580809452/1521903919928112983_stereo_right_camera_3.png	580809452	495	347	215
facedb/580809452/1521903920744687080_stereo_right_camera_4.png	580809452	495	347	215
facedb/580809452/1521903920950922966_stereo_right_camera_5.png	580809452	495	347	215
facedb/580809452/1521903921719151973_stereo_right_camera_6.png	580809452	495	347	215
facedb/580809452/1521903921910759925_stereo_right_camera_7.png	580809452	495	347	215
facedb/580809452/1521903922200774908_stereo_right_camera_8.png	580809452	495	347	215
facedb/580809452/1521903922974066019_stereo_right_camera_9.png	580809452	495	347	215
