facedb/815431217/1491054109467338085_stereo_right_camera_0.png	815431217	513	269	103
facedb/815431217/1491054109709969043_stereo_right_camera_1.png	815431217	513	269	103
facedb/815431217/1491054109867202043_stereo_right_camera_2.png	815431217	513	269	103
facedb/815431217/1491054109918796062_stereo_right_camera_3.png	815431217	513	269	103
facedb/815431217/1491054110107923984_stereo_right_camera_4.png	815431217	513	269	103
facedb/815431217/1491054110187025070_stereo_right_camera_5.png	815431217	513	269	103
facedb/815431217/1491054110272810935_stereo_right_camera_6.png	815431217	513	269	103
facedb/815431217/1491054110467539072_stereo_right_camera_7.png	815431217	513	269	103
facedb/815431217/1491054110560839891_stereo_right_camera_8.png	815431217	513	269	103
facedb/815431217/1491054110641874074_stereo_right_camera_9.png	815431217	513	269	103
