facedb/547961324/1497720222759079933_stereo_right_camera_0.png	547961324	531	342	196
facedb/547961324/1497720222987786054_stereo_right_camera_1.png	547961324	531	342	196
facedb/547961324/1497720223093249082_stereo_right_camera_2.png	547961324	531	342	196
facedb/547961324/1497720223317794084_stereo_right_camera_3.png	547961324	531	342	196
facedb/547961324/1497720223642847061_stereo_right_camera_4.png	547961324	531	342	196
facedb/547961324/1497720223840528964_stereo_right_camera_5.png	547961324	531	342	196
facedb/547961324/1497720224012690067_stereo_right_camera_6.png	547961324	531	342	196
facedb/547961324/1497720224382415056_stereo_right_camera_7.png	547961324	531	342	196
facedb/547961324/1497720224669719934_stereo_right_camera_8.png	547961324	531	342	196
facedb/547961324/1497720224766896009_stereo_right_camera_9.png	547961324	531	342	196
