facedb/508682000/1491062668820800065_stereo_right_camera_0.png	508682000	503	312	180
facedb/508682000/1491062669442428112_stereo_right_camera_1.png	508682000	503	312	180
facedb/508682000/1491062669540806055_stereo_right_camera_2.png	508682000	503	312	180
facedb/508682000/1491062669640031099_stereo_right_camera_3.png	508682000	503	312	180
facedb/508682000/1491062669820329904_stereo_right_camera_4.png	508682000	503	312	180
facedb/508682000/1491062670066494941_stereo_right_camera_5.png	508682000	503	312	180
facedb/508682000/1491062670166217088_stereo_right_camera_6.png	508682000	503	312	180
facedb/508682000/1491062670246423006_stereo_right_camera_7.png	508682000	503	312	180
facedb/508682000/1491062670446131944_stereo_right_camera_8.png	508682000	503	312	180
facedb/508682000/1491062670526551961_stereo_right_camera_9.png	508682000	503	312	180
