facedb/1506953680/1494102586841236114_stereo_right_camera_0.png	1506953680	535	389	262
facedb/1506953680/1494102586988173007_stereo_right_camera_1.png	1506953680	535	389	262
facedb/1506953680/1494102587119306087_stereo_right_camera_2.png	1506953680	535	389	262
facedb/1506953680/1494102587331329107_stereo_right_camera_3.png	1506953680	535	389	262
facedb/1506953680/1494102587457489013_stereo_right_camera_4.png	1506953680	535	389	262
facedb/1506953680/1494102587659955024_stereo_right_camera_5.png	1506953680	535	389	262
facedb/1506953680/1494102587770637035_stereo_right_camera_6.png	1506953680	535	389	262
facedb/1506953680/1494102588023586034_stereo_right_camera_7.png	1506953680	535	389	262
facedb/1506953680/1494102588148118972_stereo_right_camera_8.png	1506953680	535	389	262
facedb/1506953680/1494102588367923974_stereo_right_camera_9.png	1506953680	535	389	262
