facedb/77449200/1494457515043416976_stereo_right_camera_0.png	77449200	646	453	326
facedb/77449200/1494457515212641000_stereo_right_camera_1.png	77449200	646	453	326
facedb/77449200/1494457515379242897_stereo_right_camera_2.png	77449200	646	453	326
facedb/77449200/1494457515546371936_stereo_right_camera_3.png	77449200	646	453	326
facedb/77449200/1494457515705434083_stereo_right_camera_4.png	77449200	646	453	326
facedb/77449200/1494457516024625062_stereo_right_camera_5.png	77449200	646	453	326
facedb/77449200/1494457516192975044_stereo_right_camera_6.png	77449200	646	453	326
facedb/77449200/1494457516333900928_stereo_right_camera_7.png	77449200	646	453	326
facedb/77449200/1494457516521670103_stereo_right_camera_8.png	77449200	646	453	326
facedb/77449200/1494457516698158025_stereo_right_camera_9.png	77449200	646	453	326
