facedb/740185268/1496183610018532991_stereo_right_camera_0.png	740185268	567	439	288
facedb/740185268/1496183610152693986_stereo_right_camera_1.png	740185268	567	439	288
facedb/740185268/1496183610412575006_stereo_right_camera_2.png	740185268	567	439	288
facedb/740185268/1496183610561980009_stereo_right_camera_3.png	740185268	567	439	288
facedb/740185268/1496183610714911937_stereo_right_camera_4.png	740185268	567	439	288
facedb/740185268/1496183611028537034_stereo_right_camera_5.png	740185268	567	439	288
facedb/740185268/1496183611124602079_stereo_right_camera_6.png	740185268	567	439	288
facedb/740185268/1496183611316689014_stereo_right_camera_7.png	740185268	567	439	288
facedb/740185268/1496183611572707891_stereo_right_camera_8.png	740185268	567	439	288
facedb/740185268/1496183611714443922_stereo_right_camera_9.png	740185268	567	439	288
