facedb/1832438203/1495579321351025104_stereo_right_camera_0.png	1832438203	510	265	57
facedb/1832438203/1495579321547334909_stereo_right_camera_1.png	1832438203	510	265	57
facedb/1832438203/1495579321711997985_stereo_right_camera_2.png	1832438203	510	265	57
facedb/1832438203/1495579321915697097_stereo_right_camera_3.png	1832438203	510	265	57
facedb/1832438203/1495579322129930973_stereo_right_camera_4.png	1832438203	510	265	57
facedb/1832438203/1495579322252341985_stereo_right_camera_5.png	1832438203	510	265	57
facedb/1832438203/1495579322453548908_stereo_right_camera_6.png	1832438203	510	265	57
facedb/1832438203/1495579322834630012_stereo_right_camera_7.png	1832438203	510	265	57
facedb/1832438203/1495579323679368972_stereo_right_camera_8.png	1832438203	510	265	57
facedb/1832438203/1495579323794245004_stereo_right_camera_9.png	1832438203	510	265	57
