facedb/455146803/1491064930958559989_stereo_right_camera_0.png	455146803	498	269	73
facedb/455146803/1491064931119251012_stereo_right_camera_1.png	455146803	498	269	73
facedb/455146803/1491064931267417907_stereo_right_camera_2.png	455146803	498	269	73
facedb/455146803/1491064931652491092_stereo_right_camera_3.png	455146803	498	269	73
facedb/455146803/1491064931828603982_stereo_right_camera_4.png	455146803	498	269	73
facedb/455146803/1491064931938002109_stereo_right_camera_5.png	455146803	498	269	73
facedb/455146803/1491064932275851011_stereo_right_camera_6.png	455146803	498	269	73
facedb/455146803/1491064932425616979_stereo_right_camera_7.png	455146803	498	269	73
facedb/455146803/1491064932585567951_stereo_right_camera_8.png	455146803	498	269	73
facedb/455146803/1491064932695346117_stereo_right_camera_9.png	455146803	498	269	73
