facedb/1622659207/1490468360206810951_stereo_right_camera_0.png	1622659207	565	433	289
facedb/1622659207/1490468360345887899_stereo_right_camera_1.png	1622659207	565	433	289
facedb/1622659207/1490468360497184038_stereo_right_camera_2.png	1622659207	565	433	289
facedb/1622659207/1490468360634495973_stereo_right_camera_3.png	1622659207	565	433	289
facedb/1622659207/1490468360715559959_stereo_right_camera_4.png	1622659207	565	433	289
facedb/1622659207/1490468360897281885_stereo_right_camera_5.png	1622659207	565	433	289
facedb/1622659207/1490468360985758066_stereo_right_camera_6.png	1622659207	565	433	289
facedb/1622659207/1490468361067658901_stereo_right_camera_7.png	1622659207	565	433	289
facedb/1622659207/1490468361241401910_stereo_right_camera_8.png	1622659207	565	433	289
facedb/1622659207/1490468361324336051_stereo_right_camera_9.png	1622659207	565	433	289
