facedb/1150324984/1490231450975888967_stereo_right_camera_0.png	1150324984	612	293	96
facedb/1150324984/1490231451067503929_stereo_right_camera_1.png	1150324984	612	293	96
facedb/1150324984/1490231451158227920_stereo_right_camera_2.png	1150324984	612	293	96
facedb/1150324984/1490231452134673118_stereo_right_camera_3.png	1150324984	612	293	96
facedb/1150324984/1490231452224673032_stereo_right_camera_4.png	1150324984	612	293	96
facedb/1150324984/1490231452351214885_stereo_right_camera_5.png	1150324984	612	293	96
facedb/1150324984/1490231452449208021_stereo_right_camera_6.png	1150324984	612	293	96
facedb/1150324984/1490231452548701047_stereo_right_camera_7.png	1150324984	612	293	96
facedb/1150324984/1490231452626590013_stereo_right_camera_8.png	1150324984	612	293	96
facedb/1150324984/1490231452705590009_stereo_right_camera_9.png	1150324984	612	293	96
