facedb/1303492317/1497720457492813110_stereo_right_camera_0.png	1303492317	546	406	287
facedb/1303492317/1497720457709295988_stereo_right_camera_1.png	1303492317	546	406	287
facedb/1303492317/1497720457897218942_stereo_right_camera_2.png	1303492317	546	406	287
facedb/1303492317/1497720458084716081_stereo_right_camera_3.png	1303492317	546	406	287
facedb/1303492317/1497720458280596971_stereo_right_camera_4.png	1303492317	546	406	287
facedb/1303492317/1497720458493196964_stereo_right_camera_5.png	1303492317	546	406	287
facedb/1303492317/1497720458707556009_stereo_right_camera_6.png	1303492317	546	406	287
facedb/1303492317/1497720459501447916_stereo_right_camera_7.png	1303492317	546	406	287
facedb/1303492317/1497720459598923921_stereo_right_camera_8.png	1303492317	546	406	287
facedb/1303492317/1497720459884232044_stereo_right_camera_9.png	1303492317	546	406	287
