facedb/449638786/1491146121596353054_stereo_right_camera_0.png	449638786	437	267	107
facedb/449638786/1491146121873253107_stereo_right_camera_1.png	449638786	437	267	107
facedb/449638786/1491146121995234966_stereo_right_camera_2.png	449638786	437	267	107
facedb/449638786/1491146122082371950_stereo_right_camera_3.png	449638786	437	267	107
facedb/449638786/1491146122164242982_stereo_right_camera_4.png	449638786	437	267	107
facedb/449638786/1491146122480168104_stereo_right_camera_5.png	449638786	437	267	107
facedb/449638786/1491146122581773996_stereo_right_camera_6.png	449638786	437	267	107
facedb/449638786/1491146123214214086_stereo_right_camera_7.png	449638786	437	267	107
facedb/449638786/1491146123322990894_stereo_right_camera_8.png	449638786	437	267	107
facedb/449638786/1491146123412899971_stereo_right_camera_9.png	449638786	437	267	107
