facedb/786682551/1498232769838020086_stereo_right_camera_0.png	786682551	491	319	175
facedb/786682551/1498232770130609989_stereo_right_camera_1.png	786682551	491	319	175
facedb/786682551/1498232770199129104_stereo_right_camera_2.png	786682551	491	319	175
facedb/786682551/1498232770602391004_stereo_right_camera_3.png	786682551	491	319	175
facedb/786682551/1498232770955885887_stereo_right_camera_4.png	786682551	491	319	175
facedb/786682551/1498232771239620923_stereo_right_camera_5.png	786682551	491	319	175
facedb/786682551/1498232771435703992_stereo_right_camera_6.png	786682551	491	319	175
facedb/786682551/1498232771714858055_stereo_right_camera_7.png	786682551	491	319	175
facedb/786682551/1498232771890822887_stereo_right_camera_8.png	786682551	491	319	175
facedb/786682551/1498232772154547929_stereo_right_camera_9.png	786682551	491	319	175
