facedb/380053415/1490466514090292930_stereo_left_camera_0.png	380053415	451	277	183
facedb/380053415/1490466514308760881_stereo_left_camera_1.png	380053415	451	277	183
facedb/380053415/1490466514437917947_stereo_left_camera_2.png	380053415	451	277	183
facedb/380053415/1490466514512192964_stereo_left_camera_3.png	380053415	451	277	183
facedb/380053415/1490466514688821077_stereo_left_camera_4.png	380053415	451	277	183
facedb/380053415/1490466514828596115_stereo_left_camera_5.png	380053415	451	277	183
facedb/380053415/1490466514911315917_stereo_left_camera_6.png	380053415	451	277	183
facedb/380053415/1490466514973146915_stereo_left_camera_7.png	380053415	451	277	183
facedb/380053415/1490466515129432916_stereo_left_camera_8.png	380053415	451	277	183
facedb/380053415/1490466515217844963_stereo_left_camera_9.png	380053415	451	277	183
