facedb/785033870/1490469471319953918_stereo_right_camera_0.png	785033870	662	409	227
facedb/785033870/1490469471451654911_stereo_right_camera_1.png	785033870	662	409	227
facedb/785033870/1490469471569017887_stereo_right_camera_2.png	785033870	662	409	227
facedb/785033870/1490469471699635028_stereo_right_camera_3.png	785033870	662	409	227
facedb/785033870/1490469471833424091_stereo_right_camera_4.png	785033870	662	409	227
facedb/785033870/1490469471962043046_stereo_right_camera_5.png	785033870	662	409	227
facedb/785033870/1490469472088609933_stereo_right_camera_6.png	785033870	662	409	227
facedb/785033870/1490469472205174922_stereo_right_camera_7.png	785033870	662	409	227
facedb/785033870/1490469472330024003_stereo_right_camera_8.png	785033870	662	409	227
facedb/785033870/1490469472423968076_stereo_right_camera_9.png	785033870	662	409	227
