facedb/1777953476/1491072542565939903_stereo_right_camera_0.png	1777953476	536	249	116
facedb/1777953476/1491072542823235034_stereo_right_camera_1.png	1777953476	536	249	116
facedb/1777953476/1491072543050283908_stereo_right_camera_2.png	1777953476	536	249	116
facedb/1777953476/1491072543288676977_stereo_right_camera_3.png	1777953476	536	249	116
facedb/1777953476/1491072543471244096_stereo_right_camera_4.png	1777953476	536	249	116
facedb/1777953476/1491072543641056060_stereo_right_camera_5.png	1777953476	536	249	116
facedb/1777953476/1491072543700917005_stereo_right_camera_6.png	1777953476	536	249	116
facedb/1777953476/1491072543945280075_stereo_right_camera_7.png	1777953476	536	249	116
facedb/1777953476/1491072544037211894_stereo_right_camera_8.png	1777953476	536	249	116
facedb/1777953476/1491072544118837118_stereo_right_camera_9.png	1777953476	536	249	116
