facedb/1412083366/1521766892377324104_stereo_right_camera_0.png	1412083366	621	364	231
facedb/1412083366/1521766892545825958_stereo_right_camera_1.png	1412083366	621	364	231
facedb/1412083366/1521766892928003072_stereo_right_camera_2.png	1412083366	621	364	231
facedb/1412083366/1521766893360580921_stereo_right_camera_3.png	1412083366	621	364	231
facedb/1412083366/1521766893664668083_stereo_right_camera_4.png	1412083366	621	364	231
facedb/1412083366/1521766893980325937_stereo_right_camera_5.png	1412083366	621	364	231
facedb/1412083366/1521766894393218040_stereo_right_camera_6.png	1412083366	621	364	231
facedb/1412083366/1521766894690201997_stereo_right_camera_7.png	1412083366	621	364	231
facedb/1412083366/1521766895066467046_stereo_right_camera_8.png	1412083366	621	364	231
facedb/1412083366/1521766895184212923_stereo_right_camera_9.png	1412083366	621	364	231
