facedb/477240202/1495576654014434099_stereo_right_camera_0.png	477240202	463	249	145
facedb/477240202/1495576654262880086_stereo_right_camera_1.png	477240202	463	249	145
facedb/477240202/1495576654510685920_stereo_right_camera_2.png	477240202	463	249	145
facedb/477240202/1495576654623480081_stereo_right_camera_3.png	477240202	463	249	145
facedb/477240202/1495576654816000938_stereo_right_camera_4.png	477240202	463	249	145
facedb/477240202/1495576654891798019_stereo_right_camera_5.png	477240202	463	249	145
facedb/477240202/1495576655100675106_stereo_right_camera_6.png	477240202	463	249	145
facedb/477240202/1495576655397924900_stereo_right_camera_7.png	477240202	463	249	145
facedb/477240202/1495576655747394084_stereo_right_camera_8.png	477240202	463	249	145
facedb/477240202/1495576655844146966_stereo_right_camera_9.png	477240202	463	249	145
