facedb/1233846284/1491069389973129987_stereo_right_camera_0.png	1233846284	548	350	261
facedb/1233846284/1491069390111741065_stereo_right_camera_1.png	1233846284	548	350	261
facedb/1233846284/1491069390269927978_stereo_right_camera_2.png	1233846284	548	350	261
facedb/1233846284/1491069390391024112_stereo_right_camera_3.png	1233846284	548	350	261
facedb/1233846284/1491069390763309955_stereo_right_camera_4.png	1233846284	548	350	261
facedb/1233846284/1491069390880743980_stereo_right_camera_5.png	1233846284	548	350	261
facedb/1233846284/1491069390969959974_stereo_right_camera_6.png	1233846284	548	350	261
facedb/1233846284/1491069391132364034_stereo_right_camera_7.png	1233846284	548	350	261
facedb/1233846284/1491069391357891082_stereo_right_camera_8.png	1233846284	548	350	261
facedb/1233846284/1491069391481384992_stereo_right_camera_9.png	1233846284	548	350	261
