facedb/869104408/1521907369668288946_stereo_right_camera_0.png	869104408	479	252	139
facedb/869104408/1521907369933796882_stereo_right_camera_1.png	869104408	479	252	139
facedb/869104408/1521907370210853099_stereo_right_camera_2.png	869104408	479	252	139
facedb/869104408/1521907370566545009_stereo_right_camera_3.png	869104408	479	252	139
facedb/869104408/1521907370676088094_stereo_right_camera_4.png	869104408	479	252	139
facedb/869104408/1521907371493839025_stereo_right_camera_5.png	869104408	479	252	139
facedb/869104408/1521907371716255903_stereo_right_camera_6.png	869104408	479	252	139
facedb/869104408/1521907372082047939_stereo_right_camera_7.png	869104408	479	252	139
facedb/869104408/1521907372359307050_stereo_right_camera_8.png	869104408	479	252	139
facedb/869104408/1521907372676146030_stereo_right_camera_9.png	869104408	479	252	139
