facedb/520946394/1491068158959664106_stereo_right_camera_0.png	520946394	649	401	231
facedb/520946394/1491068159171530008_stereo_right_camera_1.png	520946394	649	401	231
facedb/520946394/1491068159285912990_stereo_right_camera_2.png	520946394	649	401	231
facedb/520946394/1491068159496824979_stereo_right_camera_3.png	520946394	649	401	231
facedb/520946394/1491068159574707984_stereo_right_camera_4.png	520946394	649	401	231
facedb/520946394/1491068159750673055_stereo_right_camera_5.png	520946394	649	401	231
facedb/520946394/1491068159854537963_stereo_right_camera_6.png	520946394	649	401	231
facedb/520946394/1491068159937761068_stereo_right_camera_7.png	520946394	649	401	231
facedb/520946394/1491068160149766921_stereo_right_camera_8.png	520946394	649	401	231
facedb/520946394/1491068160317037105_stereo_right_camera_9.png	520946394	649	401	231
