facedb/1009134964/1495578178227363109_stereo_left_camera_0.png	1009134964	438	269	175
facedb/1009134964/1495578178317467927_stereo_left_camera_1.png	1009134964	438	269	175
facedb/1009134964/1495578178561424016_stereo_left_camera_2.png	1009134964	438	269	175
facedb/1009134964/1495578178653121948_stereo_left_camera_3.png	1009134964	438	269	175
facedb/1009134964/1495578178916218042_stereo_left_camera_4.png	1009134964	438	269	175
facedb/1009134964/1495578179104948997_stereo_left_camera_5.png	1009134964	438	269	175
facedb/1009134964/1495578179180186986_stereo_left_camera_6.png	1009134964	438	269	175
facedb/1009134964/1495578179336709022_stereo_left_camera_7.png	1009134964	438	269	175
facedb/1009134964/1495578179602900981_stereo_left_camera_8.png	1009134964	438	269	175
facedb/1009134964/1495578179780247926_stereo_left_camera_9.png	1009134964	438	269	175
