facedb/190542209/1490469635964080095_stereo_left_camera_0.png	190542209	565	422	301
facedb/190542209/1490469636393291950_stereo_left_camera_1.png	190542209	565	422	301
facedb/190542209/1490469636491792917_stereo_left_camera_2.png	190542209	565	422	301
facedb/190542209/1490469636899492979_stereo_left_camera_3.png	190542209	565	422	301
facedb/190542209/1490469637517776012_stereo_left_camera_4.png	190542209	565	422	301
facedb/190542209/1490469637602356910_stereo_left_camera_5.png	190542209	565	422	301
facedb/190542209/1490469637778177022_stereo_left_camera_6.png	190542209	565	422	301
facedb/190542209/1490469637904933929_stereo_left_camera_7.png	190542209	565	422	301
facedb/190542209/1490469638076723098_stereo_left_camera_8.png	190542209	565	422	301
facedb/190542209/1490469638196772098_stereo_left_camera_9.png	190542209	565	422	301
