facedb/1766816592/1493484642676842927_stereo_left_camera_0.png	1766816592	526	349	215
facedb/1766816592/1493484642952188968_stereo_left_camera_1.png	1766816592	526	349	215
facedb/1766816592/1493484643140928030_stereo_left_camera_2.png	1766816592	526	349	215
facedb/1766816592/1493484643608011007_stereo_left_camera_3.png	1766816592	526	349	215
facedb/1766816592/1493484643788451910_stereo_left_camera_4.png	1766816592	526	349	215
facedb/1766816592/1493484644099639892_stereo_left_camera_5.png	1766816592	526	349	215
facedb/1766816592/1493484644276216983_stereo_left_camera_6.png	1766816592	526	349	215
facedb/1766816592/1493484644451607942_stereo_left_camera_7.png	1766816592	526	349	215
facedb/1766816592/1493484644629374027_stereo_left_camera_8.png	1766816592	526	349	215
facedb/1766816592/1493484645094223022_stereo_left_camera_9.png	1766816592	526	349	215
