facedb/1974455341/1491074344547920942_stereo_right_camera_0.png	1974455341	537	314	163
facedb/1974455341/1491074344746196031_stereo_right_camera_1.png	1974455341	537	314	163
facedb/1974455341/1491074345045288085_stereo_right_camera_2.png	1974455341	537	314	163
facedb/1974455341/1491074345228185892_stereo_right_camera_3.png	1974455341	537	314	163
facedb/1974455341/1491074345340980052_stereo_right_camera_4.png	1974455341	537	314	163
facedb/1974455341/1491074345452018976_stereo_right_camera_5.png	1974455341	537	314	163
facedb/1974455341/1491074345576102972_stereo_right_camera_6.png	1974455341	537	314	163
facedb/1974455341/1491074345727581977_stereo_right_camera_7.png	1974455341	537	314	163
facedb/1974455341/1491074345968878984_stereo_right_camera_8.png	1974455341	537	314	163
facedb/1974455341/1491074346300945997_stereo_right_camera_9.png	1974455341	537	314	163
