facedb/1491362491/1496183860937060117_stereo_right_camera_0.png	1491362491	444	261	127
facedb/1491362491/1496183861141464948_stereo_right_camera_1.png	1491362491	444	261	127
facedb/1491362491/1496183861328655958_stereo_right_camera_2.png	1491362491	444	261	127
facedb/1491362491/1496183861589111089_stereo_right_camera_3.png	1491362491	444	261	127
facedb/1491362491/1496183861664370059_stereo_right_camera_4.png	1491362491	444	261	127
facedb/1491362491/1496183861934758901_stereo_right_camera_5.png	1491362491	444	261	127
facedb/1491362491/1496183862034907102_stereo_right_camera_6.png	1491362491	444	261	127
facedb/1491362491/1496183862238570928_stereo_right_camera_7.png	1491362491	444	261	127
facedb/1491362491/1496183862329971075_stereo_right_camera_8.png	1491362491	444	261	127
facedb/1491362491/1496183862612884044_stereo_right_camera_9.png	1491362491	444	261	127
