facedb/663136505/1523817225785264968_stereo_right_camera_0.png	663136505	900	353	209
facedb/663136505/1523817226055039882_stereo_right_camera_1.png	663136505	900	353	209
facedb/663136505/1523817226310759067_stereo_right_camera_2.png	663136505	900	353	209
facedb/663136505/1523817226581578016_stereo_right_camera_3.png	663136505	900	353	209
facedb/663136505/1523817227246225118_stereo_right_camera_4.png	663136505	900	353	209
facedb/663136505/1523817227525892019_stereo_right_camera_5.png	663136505	900	353	209
facedb/663136505/1523817227526387929_stereo_right_camera_6.png	663136505	900	353	209
facedb/663136505/1523817228133419036_stereo_right_camera_7.png	663136505	900	353	209
facedb/663136505/1523817228492572069_stereo_right_camera_8.png	663136505	900	353	209
facedb/663136505/1523817228886239051_stereo_right_camera_9.png	663136505	900	353	209
