facedb/53352658/1495666242474514007_stereo_right_camera_0.png	53352658	446	329	228
facedb/53352658/1495666242617871999_stereo_right_camera_1.png	53352658	446	329	228
facedb/53352658/1495666242688719034_stereo_right_camera_2.png	53352658	446	329	228
facedb/53352658/1495666243083568096_stereo_right_camera_3.png	53352658	446	329	228
facedb/53352658/1495666243299571037_stereo_right_camera_4.png	53352658	446	329	228
facedb/53352658/1495666243668081998_stereo_right_camera_5.png	53352658	446	329	228
facedb/53352658/1495666243820831060_stereo_right_camera_6.png	53352658	446	329	228
facedb/53352658/1495666243929284095_stereo_right_camera_7.png	53352658	446	329	228
facedb/53352658/1495666244177892923_stereo_right_camera_8.png	53352658	446	329	228
facedb/53352658/1495666244339903116_stereo_right_camera_9.png	53352658	446	329	228
