facedb/1913864360/1495671172891060113_stereo_left_camera_0.png	1913864360	509	321	161
facedb/1913864360/1495671173075356006_stereo_left_camera_1.png	1913864360	509	321	161
facedb/1913864360/1495671173274245023_stereo_left_camera_2.png	1913864360	509	321	161
facedb/1913864360/1495671173565218925_stereo_left_camera_3.png	1913864360	509	321	161
facedb/1913864360/1495671173764723062_stereo_left_camera_4.png	1913864360	509	321	161
facedb/1913864360/1495671173830029010_stereo_left_camera_5.png	1913864360	509	321	161
facedb/1913864360/1495671174388075113_stereo_left_camera_6.png	1913864360	509	321	161
facedb/1913864360/1495671174570224046_stereo_left_camera_7.png	1913864360	509	321	161
facedb/1913864360/1495671174764482975_stereo_left_camera_8.png	1913864360	509	321	161
facedb/1913864360/1495671175012984991_stereo_left_camera_9.png	1913864360	509	321	161
