facedb/182266454/1495668611492104053_stereo_right_camera_0.png	182266454	598	485	373
facedb/182266454/1495668611756179094_stereo_right_camera_1.png	182266454	598	485	373
facedb/182266454/1495668611889442920_stereo_right_camera_2.png	182266454	598	485	373
facedb/182266454/1495668612132215976_stereo_right_camera_3.png	182266454	598	485	373
facedb/182266454/1495668612540009975_stereo_right_camera_4.png	182266454	598	485	373
facedb/182266454/1495668612753159999_stereo_right_camera_5.png	182266454	598	485	373
facedb/182266454/1495668612939428091_stereo_right_camera_6.png	182266454	598	485	373
facedb/182266454/1495668613151556015_stereo_right_camera_7.png	182266454	598	485	373
facedb/182266454/1495668613766407012_stereo_right_camera_8.png	182266454	598	485	373
facedb/182266454/1495668613992222070_stereo_right_camera_9.png	182266454	598	485	373
