facedb/325279045/1493484695688023090_stereo_right_camera_0.png	325279045	453	290	179
facedb/325279045/1493484695823082923_stereo_right_camera_1.png	325279045	453	290	179
facedb/325279045/1493484696199201107_stereo_right_camera_2.png	325279045	453	290	179
facedb/325279045/1493484696389153957_stereo_right_camera_3.png	325279045	453	290	179
facedb/325279045/1493484696873816967_stereo_right_camera_4.png	325279045	453	290	179
facedb/325279045/1493484696993932008_stereo_right_camera_5.png	325279045	453	290	179
facedb/325279045/1493484697063913106_stereo_right_camera_6.png	325279045	453	290	179
facedb/325279045/1493484697317137002_stereo_right_camera_7.png	325279045	453	290	179
facedb/325279045/1493484697411864995_stereo_right_camera_8.png	325279045	453	290	179
facedb/325279045/1493484697777854919_stereo_right_camera_9.png	325279045	453	290	179
