facedb/1142443939/1491146654439577102_stereo_right_camera_0.png	1142443939	642	492	351
facedb/1142443939/1491146654536667108_stereo_right_camera_1.png	1142443939	642	492	351
facedb/1142443939/1491146655074677944_stereo_right_camera_2.png	1142443939	642	492	351
facedb/1142443939/1491146655182687044_stereo_right_camera_3.png	1142443939	642	492	351
facedb/1142443939/1491146655486694097_stereo_right_camera_4.png	1142443939	642	492	351
facedb/1142443939/1491146655594166994_stereo_right_camera_5.png	1142443939	642	492	351
facedb/1142443939/1491146655686808109_stereo_right_camera_6.png	1142443939	642	492	351
facedb/1142443939/1491146655928051948_stereo_right_camera_7.png	1142443939	642	492	351
facedb/1142443939/1491146656031197071_stereo_right_camera_8.png	1142443939	642	492	351
facedb/1142443939/1491146656153475046_stereo_right_camera_9.png	1142443939	642	492	351
