facedb/1723854799/1490469260307210922_stereo_left_camera_0.png	1723854799	532	363	258
facedb/1723854799/1490469260406936883_stereo_left_camera_1.png	1723854799	532	363	258
facedb/1723854799/1490469260511724948_stereo_left_camera_2.png	1723854799	532	363	258
facedb/1723854799/1490469260767666101_stereo_left_camera_3.png	1723854799	532	363	258
facedb/1723854799/1490469261150882959_stereo_left_camera_4.png	1723854799	532	363	258
facedb/1723854799/1490469261263581991_stereo_left_camera_5.png	1723854799	532	363	258
facedb/1723854799/1490469261500643968_stereo_left_camera_6.png	1723854799	532	363	258
facedb/1723854799/1490469261623743057_stereo_left_camera_7.png	1723854799	532	363	258
facedb/1723854799/1490469261855438947_stereo_left_camera_8.png	1723854799	532	363	258
facedb/1723854799/1490469262392858028_stereo_left_camera_9.png	1723854799	532	363	258
