facedb/1546849814/1521906964734986066_stereo_right_camera_0.png	1546849814	567	324	213
facedb/1546849814/1521906964938371896_stereo_right_camera_1.png	1546849814	567	324	213
facedb/1546849814/1521906965265966892_stereo_right_camera_2.png	1546849814	567	324	213
facedb/1546849814/1521906965532399892_stereo_right_camera_3.png	1546849814	567	324	213
facedb/1546849814/1521906965769484996_stereo_right_camera_4.png	1546849814	567	324	213
facedb/1546849814/1521906965992124080_stereo_right_camera_5.png	1546849814	567	324	213
facedb/1546849814/1521906966356714010_stereo_right_camera_6.png	1546849814	567	324	213
facedb/1546849814/1521906966578588962_stereo_right_camera_7.png	1546849814	567	324	213
facedb/1546849814/1521906966894490957_stereo_right_camera_8.png	1546849814	567	324	213
facedb/1546849814/1521906967120001077_stereo_right_camera_9.png	1546849814	567	324	213
