facedb/709804636/1490464537499593973_stereo_right_camera_0.png	709804636	509	264	139
facedb/709804636/1490464537638839960_stereo_right_camera_1.png	709804636	509	264	139
facedb/709804636/1490464537773363113_stereo_right_camera_2.png	709804636	509	264	139
facedb/709804636/1490464537934631109_stereo_right_camera_3.png	709804636	509	264	139
facedb/709804636/1490464538065576076_stereo_right_camera_4.png	709804636	509	264	139
facedb/709804636/1490464538158957004_stereo_right_camera_5.png	709804636	509	264	139
facedb/709804636/1490464538260030031_stereo_right_camera_6.png	709804636	509	264	139
facedb/709804636/1490464538445379972_stereo_right_camera_7.png	709804636	509	264	139
facedb/709804636/1490464538518966913_stereo_right_camera_8.png	709804636	509	264	139
facedb/709804636/1490464538602368116_stereo_right_camera_9.png	709804636	509	264	139
