facedb/270076683/1495578614944614887_stereo_right_camera_0.png	270076683	524	346	234
facedb/270076683/1495578615111363887_stereo_right_camera_1.png	270076683	524	346	234
facedb/270076683/1495578615206696987_stereo_right_camera_2.png	270076683	524	346	234
facedb/270076683/1495578615298770904_stereo_right_camera_3.png	270076683	524	346	234
facedb/270076683/1495578615533332109_stereo_right_camera_4.png	270076683	524	346	234
facedb/270076683/1495578615692555904_stereo_right_camera_5.png	270076683	524	346	234
facedb/270076683/1495578615906306028_stereo_right_camera_6.png	270076683	524	346	234
facedb/270076683/1495578616087891101_stereo_right_camera_7.png	270076683	524	346	234
facedb/270076683/1495578616270030021_stereo_right_camera_8.png	270076683	524	346	234
facedb/270076683/1495578616441324949_stereo_right_camera_9.png	270076683	524	346	234
