facedb/901294764/1491146652308511972_stereo_right_camera_0.png	901294764	663	386	112
facedb/901294764/1491146652706235885_stereo_right_camera_1.png	901294764	663	386	112
facedb/901294764/1491146652912085056_stereo_right_camera_2.png	901294764	663	386	112
facedb/901294764/1491146653005304098_stereo_right_camera_3.png	901294764	663	386	112
facedb/901294764/1491146653125543117_stereo_right_camera_4.png	901294764	663	386	112
facedb/901294764/1491146653338205099_stereo_right_camera_5.png	901294764	663	386	112
facedb/901294764/1491146653530973911_stereo_right_camera_6.png	901294764	663	386	112
facedb/901294764/1491146653641463041_stereo_right_camera_7.png	901294764	663	386	112
facedb/901294764/1491146653736351013_stereo_right_camera_8.png	901294764	663	386	112
facedb/901294764/1491146653947715044_stereo_right_camera_9.png	901294764	663	386	112
