facedb/1605753539/1493486469918004035_stereo_right_camera_0.png	1605753539	522	293	145
facedb/1605753539/1493486470274481058_stereo_right_camera_1.png	1605753539	522	293	145
facedb/1605753539/1493486470419630050_stereo_right_camera_2.png	1605753539	522	293	145
facedb/1605753539/1493486470782058000_stereo_right_camera_3.png	1605753539	522	293	145
facedb/1605753539/1493486471111932039_stereo_right_camera_4.png	1605753539	522	293	145
facedb/1605753539/1493486471340760946_stereo_right_camera_5.png	1605753539	522	293	145
facedb/1605753539/1493486471444495916_stereo_right_camera_6.png	1605753539	522	293	145
facedb/1605753539/1493486471672673940_stereo_right_camera_7.png	1605753539	522	293	145
facedb/1605753539/1493486472385092020_stereo_right_camera_8.png	1605753539	522	293	145
facedb/1605753539/1493486472485652923_stereo_right_camera_9.png	1605753539	522	293	145
