facedb/1480900480/1495577321089159965_stereo_right_camera_0.png	1480900480	616	418	281
facedb/1480900480/1495577321971630096_stereo_right_camera_1.png	1480900480	616	418	281
facedb/1480900480/1495577322146568059_stereo_right_camera_2.png	1480900480	616	418	281
facedb/1480900480/1495577322322824954_stereo_right_camera_3.png	1480900480	616	418	281
facedb/1480900480/1495577322512768983_stereo_right_camera_4.png	1480900480	616	418	281
facedb/1480900480/1495577322750053882_stereo_right_camera_5.png	1480900480	616	418	281
facedb/1480900480/1495577322830831050_stereo_right_camera_6.png	1480900480	616	418	281
facedb/1480900480/1495577323055862903_stereo_right_camera_7.png	1480900480	616	418	281
facedb/1480900480/1495577323302792072_stereo_right_camera_8.png	1480900480	616	418	281
facedb/1480900480/1495577323653810977_stereo_right_camera_9.png	1480900480	616	418	281
