facedb/1539112810/1490464741181936979_stereo_right_camera_0.png	1539112810	617	389	226
facedb/1539112810/1490464741320949077_stereo_right_camera_1.png	1539112810	617	389	226
facedb/1539112810/1490464741555740118_stereo_right_camera_2.png	1539112810	617	389	226
facedb/1539112810/1490464741700421094_stereo_right_camera_3.png	1539112810	617	389	226
facedb/1539112810/1490464741816405057_stereo_right_camera_4.png	1539112810	617	389	226
facedb/1539112810/1490464741912986040_stereo_right_camera_5.png	1539112810	617	389	226
facedb/1539112810/1490464742015584945_stereo_right_camera_6.png	1539112810	617	389	226
facedb/1539112810/1490464742176856040_stereo_right_camera_7.png	1539112810	617	389	226
facedb/1539112810/1490464742288183927_stereo_right_camera_8.png	1539112810	617	389	226
facedb/1539112810/1490464742403203010_stereo_right_camera_9.png	1539112810	617	389	226
