facedb/520000252/1490464538602011919_stereo_left_camera_0.png	520000252	528	324	188
facedb/520000252/1490464538932143926_stereo_left_camera_1.png	520000252	528	324	188
facedb/520000252/1490464539164787054_stereo_left_camera_2.png	520000252	528	324	188
facedb/520000252/1490464539264373064_stereo_left_camera_3.png	520000252	528	324	188
facedb/520000252/1490464539360037088_stereo_left_camera_4.png	520000252	528	324	188
facedb/520000252/1490464539508258104_stereo_left_camera_5.png	520000252	528	324	188
facedb/520000252/1490464539736324071_stereo_left_camera_6.png	520000252	528	324	188
facedb/520000252/1490464540181268930_stereo_left_camera_7.png	520000252	528	324	188
facedb/520000252/1490464540296519041_stereo_left_camera_8.png	520000252	528	324	188
facedb/520000252/1490464540514137983_stereo_left_camera_9.png	520000252	528	324	188
