facedb/1553849354/1505671456163180112_stereo_right_camera_0.png	1553849354	486	287	181
facedb/1553849354/1505671456337111949_stereo_right_camera_1.png	1553849354	486	287	181
facedb/1553849354/1505671456641884088_stereo_right_camera_2.png	1553849354	486	287	181
facedb/1553849354/1505671456844028949_stereo_right_camera_3.png	1553849354	486	287	181
facedb/1553849354/1505671457030855894_stereo_right_camera_4.png	1553849354	486	287	181
facedb/1553849354/1505671457202125072_stereo_right_camera_5.png	1553849354	486	287	181
facedb/1553849354/1505671457505945920_stereo_right_camera_6.png	1553849354	486	287	181
facedb/1553849354/1505671457726613044_stereo_right_camera_7.png	1553849354	486	287	181
facedb/1553849354/1505671457937129974_stereo_right_camera_8.png	1553849354	486	287	181
facedb/1553849354/1505671458032062053_stereo_right_camera_9.png	1553849354	486	287	181
