facedb/304006965/1495668654091814041_stereo_right_camera_0.png	304006965	564	410	265
facedb/304006965/1495668654284786939_stereo_right_camera_1.png	304006965	564	410	265
facedb/304006965/1495668654479259014_stereo_right_camera_2.png	304006965	564	410	265
facedb/304006965/1495668654766495943_stereo_right_camera_3.png	304006965	564	410	265
facedb/304006965/1495668654884145975_stereo_right_camera_4.png	304006965	564	410	265
facedb/304006965/1495668655083976030_stereo_right_camera_5.png	304006965	564	410	265
facedb/304006965/1495668655498689889_stereo_right_camera_6.png	304006965	564	410	265
facedb/304006965/1495668656282763957_stereo_right_camera_7.png	304006965	564	410	265
facedb/304006965/1495668656743518114_stereo_right_camera_8.png	304006965	564	410	265
facedb/304006965/1495668657044743061_stereo_right_camera_9.png	304006965	564	410	265
