facedb/1654083991/1508604586097341060_stereo_right_camera_0.png	1654083991	461	305	192
facedb/1654083991/1508604586416956901_stereo_right_camera_1.png	1654083991	461	305	192
facedb/1654083991/1508604586661766052_stereo_right_camera_2.png	1654083991	461	305	192
facedb/1654083991/1508604586909013986_stereo_right_camera_3.png	1654083991	461	305	192
facedb/1654083991/1508604587174566030_stereo_right_camera_4.png	1654083991	461	305	192
facedb/1654083991/1508604587371807098_stereo_right_camera_5.png	1654083991	461	305	192
facedb/1654083991/1508604587627559900_stereo_right_camera_6.png	1654083991	461	305	192
facedb/1654083991/1508604587891652107_stereo_right_camera_7.png	1654083991	461	305	192
facedb/1654083991/1508604588085472106_stereo_right_camera_8.png	1654083991	461	305	192
facedb/1654083991/1508604588620748043_stereo_right_camera_9.png	1654083991	461	305	192
