facedb/918448/1497720708145358085_stereo_right_camera_0.png	918448	412	207	88
facedb/918448/1497720708359491109_stereo_right_camera_1.png	918448	412	207	88
facedb/918448/1497720708525115013_stereo_right_camera_2.png	918448	412	207	88
facedb/918448/1497720708952838897_stereo_right_camera_3.png	918448	412	207	88
facedb/918448/1497720709068556070_stereo_right_camera_4.png	918448	412	207	88
facedb/918448/1497720709382618904_stereo_right_camera_5.png	918448	412	207	88
facedb/918448/1497720709455205917_stereo_right_camera_6.png	918448	412	207	88
facedb/918448/1497720709922390937_stereo_right_camera_7.png	918448	412	207	88
facedb/918448/1497720710070211887_stereo_right_camera_8.png	918448	412	207	88
facedb/918448/1497720710314369916_stereo_right_camera_9.png	918448	412	207	88
