facedb/1667800107/1490231833532557964_stereo_left_camera_0.png	1667800107	631	346	215
facedb/1667800107/1490231833705890893_stereo_left_camera_1.png	1667800107	631	346	215
facedb/1667800107/1490231833905976057_stereo_left_camera_2.png	1667800107	631	346	215
facedb/1667800107/1490231834155656099_stereo_left_camera_3.png	1667800107	631	346	215
facedb/1667800107/1490231834284368038_stereo_left_camera_4.png	1667800107	631	346	215
facedb/1667800107/1490231834399045944_stereo_left_camera_5.png	1667800107	631	346	215
facedb/1667800107/1490231834487103939_stereo_left_camera_6.png	1667800107	631	346	215
facedb/1667800107/1490231834565155029_stereo_left_camera_7.png	1667800107	631	346	215
facedb/1667800107/1490231834652101993_stereo_left_camera_8.png	1667800107	631	346	215
facedb/1667800107/1490231834736660957_stereo_left_camera_9.png	1667800107	631	346	215
