facedb/435341865/1491150478987684965_stereo_right_camera_0.png	435341865	464	206	60
facedb/435341865/1491150479097347021_stereo_right_camera_1.png	435341865	464	206	60
facedb/435341865/1491150479331351995_stereo_right_camera_2.png	435341865	464	206	60
facedb/435341865/1491150479499944925_stereo_right_camera_3.png	435341865	464	206	60
facedb/435341865/1491150479678960084_stereo_right_camera_4.png	435341865	464	206	60
facedb/435341865/1491150479839757919_stereo_right_camera_5.png	435341865	464	206	60
facedb/435341865/1491150480044740915_stereo_right_camera_6.png	435341865	464	206	60
facedb/435341865/1491150480144637107_stereo_right_camera_7.png	435341865	464	206	60
facedb/435341865/1491150480235456943_stereo_right_camera_8.png	435341865	464	206	60
facedb/435341865/1491150480565073013_stereo_right_camera_9.png	435341865	464	206	60
