facedb/1958876708/1490468309972434997_stereo_right_camera_0.png	1958876708	691	548	410
facedb/1958876708/1490468310070386886_stereo_right_camera_1.png	1958876708	691	548	410
facedb/1958876708/1490468310171628952_stereo_right_camera_2.png	1958876708	691	548	410
facedb/1958876708/1490468310283246040_stereo_right_camera_3.png	1958876708	691	548	410
facedb/1958876708/1490468310392379999_stereo_right_camera_4.png	1958876708	691	548	410
facedb/1958876708/1490468310503979921_stereo_right_camera_5.png	1958876708	691	548	410
facedb/1958876708/1490468310607769966_stereo_right_camera_6.png	1958876708	691	548	410
facedb/1958876708/1490468310712970972_stereo_right_camera_7.png	1958876708	691	548	410
facedb/1958876708/1490468310816287994_stereo_right_camera_8.png	1958876708	691	548	410
facedb/1958876708/1490468311012898921_stereo_right_camera_9.png	1958876708	691	548	410
