facedb/431379149/1521912341649131059_stereo_right_camera_0.png	431379149	514	278	40
facedb/431379149/1521912341964272022_stereo_right_camera_1.png	431379149	514	278	40
facedb/431379149/1521912342295206069_stereo_right_camera_2.png	431379149	514	278	40
facedb/431379149/1521912342543313980_stereo_right_camera_3.png	431379149	514	278	40
facedb/431379149/1521912342660406112_stereo_right_camera_4.png	431379149	514	278	40
facedb/431379149/1521912343197850942_stereo_right_camera_5.png	431379149	514	278	40
facedb/431379149/1521912343603756904_stereo_right_camera_6.png	431379149	514	278	40
facedb/431379149/1521912343937716007_stereo_right_camera_7.png	431379149	514	278	40
facedb/431379149/1521912344313678979_stereo_right_camera_8.png	431379149	514	278	40
facedb/431379149/1521912344632216930_stereo_right_camera_9.png	431379149	514	278	40
