facedb/582770592/1490232961722362041_stereo_right_camera_0.png	582770592	497	341	218
facedb/582770592/1490232961805033922_stereo_right_camera_1.png	582770592	497	341	218
facedb/582770592/1490232961892699956_stereo_right_camera_2.png	582770592	497	341	218
facedb/582770592/1490232962242938041_stereo_right_camera_3.png	582770592	497	341	218
facedb/582770592/1490232962358083009_stereo_right_camera_4.png	582770592	497	341	218
facedb/582770592/1490232962426764011_stereo_right_camera_5.png	582770592	497	341	218
facedb/582770592/1490232962490819931_stereo_right_camera_6.png	582770592	497	341	218
facedb/582770592/1490232962587652921_stereo_right_camera_7.png	582770592	497	341	218
facedb/582770592/1490232962680583953_stereo_right_camera_8.png	582770592	497	341	218
facedb/582770592/1490232962760453939_stereo_right_camera_9.png	582770592	497	341	218
