facedb/865959886/1493484639795912027_stereo_right_camera_0.png	865959886	563	369	256
facedb/865959886/1493484640114738941_stereo_right_camera_1.png	865959886	563	369	256
facedb/865959886/1493484640291532039_stereo_right_camera_2.png	865959886	563	369	256
facedb/865959886/1493484640455562114_stereo_right_camera_3.png	865959886	563	369	256
facedb/865959886/1493484640620443105_stereo_right_camera_4.png	865959886	563	369	256
facedb/865959886/1493484641207900047_stereo_right_camera_5.png	865959886	563	369	256
facedb/865959886/1493484641407098054_stereo_right_camera_6.png	865959886	563	369	256
facedb/865959886/1493484641500399112_stereo_right_camera_7.png	865959886	563	369	256
facedb/865959886/1493484641654114961_stereo_right_camera_8.png	865959886	563	369	256
facedb/865959886/1493484641824457883_stereo_right_camera_9.png	865959886	563	369	256
