facedb/1355999718/1494457139090893030_stereo_right_camera_0.png	1355999718	591	480	368
facedb/1355999718/1494457139360129117_stereo_right_camera_1.png	1355999718	591	480	368
facedb/1355999718/1494457139858772039_stereo_right_camera_2.png	1355999718	591	480	368
facedb/1355999718/1494457140221951961_stereo_right_camera_3.png	1355999718	591	480	368
facedb/1355999718/1494457140312120914_stereo_right_camera_4.png	1355999718	591	480	368
facedb/1355999718/1494457140533926963_stereo_right_camera_5.png	1355999718	591	480	368
facedb/1355999718/1494457140830763101_stereo_right_camera_6.png	1355999718	591	480	368
facedb/1355999718/1494457141012811899_stereo_right_camera_7.png	1355999718	591	480	368
facedb/1355999718/1494457141200957059_stereo_right_camera_8.png	1355999718	591	480	368
facedb/1355999718/1494457141296471118_stereo_right_camera_9.png	1355999718	591	480	368
