facedb/330893980/1495667547873493909_stereo_right_camera_0.png	330893980	470	329	206
facedb/330893980/1495667548314589023_stereo_right_camera_1.png	330893980	470	329	206
facedb/330893980/1495667548537364959_stereo_right_camera_2.png	330893980	470	329	206
facedb/330893980/1495667548696522951_stereo_right_camera_3.png	330893980	470	329	206
facedb/330893980/1495667549092171907_stereo_right_camera_4.png	330893980	470	329	206
facedb/330893980/1495667549286731004_stereo_right_camera_5.png	330893980	470	329	206
facedb/330893980/1495667549431431055_stereo_right_camera_6.png	330893980	470	329	206
facedb/330893980/1495667549633387088_stereo_right_camera_7.png	330893980	470	329	206
facedb/330893980/1495667550055474042_stereo_right_camera_8.png	330893980	470	329	206
facedb/330893980/1495667550263144969_stereo_right_camera_9.png	330893980	470	329	206
