facedb/151170306/1521914803444844961_stereo_right_camera_0.png	151170306	473	264	130
facedb/151170306/1521914803893615007_stereo_right_camera_1.png	151170306	473	264	130
facedb/151170306/1521914804150561094_stereo_right_camera_2.png	151170306	473	264	130
facedb/151170306/1521914804409353017_stereo_right_camera_3.png	151170306	473	264	130
facedb/151170306/1521914804643296003_stereo_right_camera_4.png	151170306	473	264	130
facedb/151170306/1521914804983835935_stereo_right_camera_5.png	151170306	473	264	130
facedb/151170306/1521914805241269111_stereo_right_camera_6.png	151170306	473	264	130
facedb/151170306/1521914805603945016_stereo_right_camera_7.png	151170306	473	264	130
facedb/151170306/1521914805951875925_stereo_right_camera_8.png	151170306	473	264	130
facedb/151170306/1521914806068795919_stereo_right_camera_9.png	151170306	473	264	130
