facedb/1129076900/1495669180150156021_stereo_right_camera_0.png	1129076900	624	470	363
facedb/1129076900/1495669180819032907_stereo_right_camera_1.png	1129076900	624	470	363
facedb/1129076900/1495669181546353101_stereo_right_camera_2.png	1129076900	624	470	363
facedb/1129076900/1495669181888690948_stereo_right_camera_3.png	1129076900	624	470	363
facedb/1129076900/1495669182099957942_stereo_right_camera_4.png	1129076900	624	470	363
facedb/1129076900/1495669182883402109_stereo_right_camera_5.png	1129076900	624	470	363
facedb/1129076900/1495669183239916086_stereo_right_camera_6.png	1129076900	624	470	363
facedb/1129076900/1495669183434484958_stereo_right_camera_7.png	1129076900	624	470	363
facedb/1129076900/1495669183641525983_stereo_right_camera_8.png	1129076900	624	470	363
facedb/1129076900/1495669183927891016_stereo_right_camera_9.png	1129076900	624	470	363
