facedb/619163700/1491062648832578897_stereo_right_camera_0.png	619163700	479	231	41
facedb/619163700/1491062649026737928_stereo_right_camera_1.png	619163700	479	231	41
facedb/619163700/1491062649216480970_stereo_right_camera_2.png	619163700	479	231	41
facedb/619163700/1491062649348397970_stereo_right_camera_3.png	619163700	479	231	41
facedb/619163700/1491062649718497037_stereo_right_camera_4.png	619163700	479	231	41
facedb/619163700/1491062649852749109_stereo_right_camera_5.png	619163700	479	231	41
facedb/619163700/1491062649983207941_stereo_right_camera_6.png	619163700	479	231	41
facedb/619163700/1491062650098551988_stereo_right_camera_7.png	619163700	479	231	41
facedb/619163700/1491062650451244115_stereo_right_camera_8.png	619163700	479	231	41
facedb/619163700/1491062650639143943_stereo_right_camera_9.png	619163700	479	231	41
