facedb/1401595839/1490464538688719034_stereo_right_camera_0.png	1401595839	544	362	233
facedb/1401595839/1490464538769937038_stereo_right_camera_1.png	1401595839	544	362	233
facedb/1401595839/1490464538932451009_stereo_right_camera_2.png	1401595839	544	362	233
facedb/1401595839/1490464539034563064_stereo_right_camera_3.png	1401595839	544	362	233
facedb/1401595839/1490464539264708042_stereo_right_camera_4.png	1401595839	544	362	233
facedb/1401595839/1490464539360338926_stereo_right_camera_5.png	1401595839	544	362	233
facedb/1401595839/1490464539508595943_stereo_right_camera_6.png	1401595839	544	362	233
facedb/1401595839/1490464539607696056_stereo_right_camera_7.png	1401595839	544	362	233
facedb/1401595839/1490464539736694097_stereo_right_camera_8.png	1401595839	544	362	233
facedb/1401595839/1490464539836069107_stereo_right_camera_9.png	1401595839	544	362	233
