facedb/1560605847/1490465939102790117_stereo_right_camera_0.png	1560605847	580	353	157
facedb/1560605847/1490465939241369962_stereo_right_camera_1.png	1560605847	580	353	157
facedb/1560605847/1490465939363724946_stereo_right_camera_2.png	1560605847	580	353	157
facedb/1560605847/1490465939493125915_stereo_right_camera_3.png	1560605847	580	353	157
facedb/1560605847/1490465939623106002_stereo_right_camera_4.png	1560605847	580	353	157
facedb/1560605847/1490465939760010957_stereo_right_camera_5.png	1560605847	580	353	157
facedb/1560605847/1490465939924499988_stereo_right_camera_6.png	1560605847	580	353	157
facedb/1560605847/1490465940229430913_stereo_right_camera_7.png	1560605847	580	353	157
facedb/1560605847/1490465940378478050_stereo_right_camera_8.png	1560605847	580	353	157
facedb/1560605847/1490465940515873908_stereo_right_camera_9.png	1560605847	580	353	157
