facedb/731793511/1490832652192336082_stereo_right_camera_0.png	731793511	475	303	188
facedb/731793511/1490832652288533926_stereo_right_camera_1.png	731793511	475	303	188
facedb/731793511/1490832652361846923_stereo_right_camera_2.png	731793511	475	303	188
facedb/731793511/1490832652441122055_stereo_right_camera_3.png	731793511	475	303	188
facedb/731793511/1490832652662487030_stereo_right_camera_4.png	731793511	475	303	188
facedb/731793511/1490832652751101970_stereo_right_camera_5.png	731793511	475	303	188
facedb/731793511/1490832652856229066_stereo_right_camera_6.png	731793511	475	303	188
facedb/731793511/1490832652944298028_stereo_right_camera_7.png	731793511	475	303	188
facedb/731793511/1490832653029021978_stereo_right_camera_8.png	731793511	475	303	188
facedb/731793511/1490832653137729883_stereo_right_camera_9.png	731793511	475	303	188
