facedb/1964163859/1505674536023385047_stereo_right_camera_0.png	1964163859	536	252	140
facedb/1964163859/1505674536280467033_stereo_right_camera_1.png	1964163859	536	252	140
facedb/1964163859/1505674536462424993_stereo_right_camera_2.png	1964163859	536	252	140
facedb/1964163859/1505674536714824914_stereo_right_camera_3.png	1964163859	536	252	140
facedb/1964163859/1505674536940979003_stereo_right_camera_4.png	1964163859	536	252	140
facedb/1964163859/1505674537126005887_stereo_right_camera_5.png	1964163859	536	252	140
facedb/1964163859/1505674537344657897_stereo_right_camera_6.png	1964163859	536	252	140
facedb/1964163859/1505674537630367994_stereo_right_camera_7.png	1964163859	536	252	140
facedb/1964163859/1505674537873447895_stereo_right_camera_8.png	1964163859	536	252	140
facedb/1964163859/1505674538095557928_stereo_right_camera_9.png	1964163859	536	252	140
