facedb/1832125450/1501791194586210966_stereo_right_camera_0.png	1832125450	407	263	174
facedb/1832125450/1501791194786406993_stereo_right_camera_1.png	1832125450	407	263	174
facedb/1832125450/1501791195003236055_stereo_right_camera_2.png	1832125450	407	263	174
facedb/1832125450/1501791195339488983_stereo_right_camera_3.png	1832125450	407	263	174
facedb/1832125450/1501791196106477975_stereo_right_camera_4.png	1832125450	407	263	174
facedb/1832125450/1501791196211679935_stereo_right_camera_5.png	1832125450	407	263	174
facedb/1832125450/1501791196481192111_stereo_right_camera_6.png	1832125450	407	263	174
facedb/1832125450/1501791196875936985_stereo_right_camera_7.png	1832125450	407	263	174
facedb/1832125450/1501791197112790107_stereo_right_camera_8.png	1832125450	407	263	174
facedb/1832125450/1501791197308197021_stereo_right_camera_9.png	1832125450	407	263	174
