facedb/1084934189/1491073776615581035_stereo_right_camera_0.png	1084934189	410	208	103
facedb/1084934189/1491073776747190952_stereo_right_camera_1.png	1084934189	410	208	103
facedb/1084934189/1491073776818058967_stereo_right_camera_2.png	1084934189	410	208	103
facedb/1084934189/1491073777148646116_stereo_right_camera_3.png	1084934189	410	208	103
facedb/1084934189/1491073777394119977_stereo_right_camera_4.png	1084934189	410	208	103
facedb/1084934189/1491073777815516948_stereo_right_camera_5.png	1084934189	410	208	103
facedb/1084934189/1491073777990529060_stereo_right_camera_6.png	1084934189	410	208	103
facedb/1084934189/1491073778181113958_stereo_right_camera_7.png	1084934189	410	208	103
facedb/1084934189/1491073778748151063_stereo_right_camera_8.png	1084934189	410	208	103
facedb/1084934189/1491073779055763006_stereo_right_camera_9.png	1084934189	410	208	103
