facedb/756534310/1521904693424983978_stereo_right_camera_0.png	756534310	455	318	203
facedb/756534310/1521904693549967050_stereo_right_camera_1.png	756534310	455	318	203
facedb/756534310/1521904693937671899_stereo_right_camera_2.png	756534310	455	318	203
facedb/756534310/1521904694119867086_stereo_right_camera_3.png	756534310	455	318	203
facedb/756534310/1521904694505835056_stereo_right_camera_4.png	756534310	455	318	203
facedb/756534310/1521904694595774888_stereo_right_camera_5.png	756534310	455	318	203
facedb/756534310/1521904694898156881_stereo_right_camera_6.png	756534310	455	318	203
facedb/756534310/1521904695317449092_stereo_right_camera_7.png	756534310	455	318	203
facedb/756534310/1521904695514075040_stereo_right_camera_8.png	756534310	455	318	203
facedb/756534310/1521904695895070075_stereo_right_camera_9.png	756534310	455	318	203
