facedb/846656706/1497724800200894117_stereo_right_camera_0.png	846656706	394	254	147
facedb/846656706/1497724800644723892_stereo_right_camera_1.png	846656706	394	254	147
facedb/846656706/1497724800985554933_stereo_right_camera_2.png	846656706	394	254	147
facedb/846656706/1497724801226397991_stereo_right_camera_3.png	846656706	394	254	147
facedb/846656706/1497724801411092042_stereo_right_camera_4.png	846656706	394	254	147
facedb/846656706/1497724801588737964_stereo_right_camera_5.png	846656706	394	254	147
facedb/846656706/1497724801835917949_stereo_right_camera_6.png	846656706	394	254	147
facedb/846656706/1497724802027731895_stereo_right_camera_7.png	846656706	394	254	147
facedb/846656706/1497724802782242059_stereo_right_camera_8.png	846656706	394	254	147
facedb/846656706/1497724803060971021_stereo_right_camera_9.png	846656706	394	254	147
