facedb/157180023/1491073772949640035_stereo_right_camera_0.png	157180023	388	198	77
facedb/157180023/1491073773118206977_stereo_right_camera_1.png	157180023	388	198	77
facedb/157180023/1491073773300627946_stereo_right_camera_2.png	157180023	388	198	77
facedb/157180023/1491073773505520105_stereo_right_camera_3.png	157180023	388	198	77
facedb/157180023/1491073773837244033_stereo_right_camera_4.png	157180023	388	198	77
facedb/157180023/1491073774005846977_stereo_right_camera_5.png	157180023	388	198	77
facedb/157180023/1491073774163825988_stereo_right_camera_6.png	157180023	388	198	77
facedb/157180023/1491073774344975948_stereo_right_camera_7.png	157180023	388	198	77
facedb/157180023/1491073774500725984_stereo_right_camera_8.png	157180023	388	198	77
facedb/157180023/1491073774742652893_stereo_right_camera_9.png	157180023	388	198	77
