facedb/1769408352/1505671853484522104_stereo_right_camera_0.png	1769408352	900	320	162
facedb/1769408352/1505671853708544015_stereo_right_camera_1.png	1769408352	900	320	162
facedb/1769408352/1505671853898677110_stereo_right_camera_2.png	1769408352	900	320	162
facedb/1769408352/1505671854131880998_stereo_right_camera_3.png	1769408352	900	320	162
facedb/1769408352/1505671854305929899_stereo_right_camera_4.png	1769408352	900	320	162
facedb/1769408352/1505671854570178985_stereo_right_camera_5.png	1769408352	900	320	162
facedb/1769408352/1505671854817229032_stereo_right_camera_6.png	1769408352	900	320	162
facedb/1769408352/1505671854985338926_stereo_right_camera_7.png	1769408352	900	320	162
facedb/1769408352/1505671855240278005_stereo_right_camera_8.png	1769408352	900	320	162
facedb/1769408352/1505671855240967988_stereo_right_camera_9.png	1769408352	900	320	162
