facedb/1027749816/1498232796120284080_stereo_right_camera_0.png	1027749816	609	337	151
facedb/1027749816/1498232796274384975_stereo_right_camera_1.png	1027749816	609	337	151
facedb/1027749816/1498232796753398895_stereo_right_camera_2.png	1027749816	609	337	151
facedb/1027749816/1498232796983474969_stereo_right_camera_3.png	1027749816	609	337	151
facedb/1027749816/1498232797179864883_stereo_right_camera_4.png	1027749816	609	337	151
facedb/1027749816/1498232797433725118_stereo_right_camera_5.png	1027749816	609	337	151
facedb/1027749816/1498232797639159917_stereo_right_camera_6.png	1027749816	609	337	151
facedb/1027749816/1498232797864876031_stereo_right_camera_7.png	1027749816	609	337	151
facedb/1027749816/1498232798064615964_stereo_right_camera_8.png	1027749816	609	337	151
facedb/1027749816/1498232798561245918_stereo_right_camera_9.png	1027749816	609	337	151
