facedb/21516250/1490233648381175994_stereo_right_camera_0.png	21516250	533	313	139
facedb/21516250/1490233648648749113_stereo_right_camera_1.png	21516250	533	313	139
facedb/21516250/1490233648764905929_stereo_right_camera_2.png	21516250	533	313	139
facedb/21516250/1490233649083293914_stereo_right_camera_3.png	21516250	533	313	139
facedb/21516250/1490233649416253089_stereo_right_camera_4.png	21516250	533	313	139
facedb/21516250/1490233649504379034_stereo_right_camera_5.png	21516250	533	313	139
facedb/21516250/1490233649783574104_stereo_right_camera_6.png	21516250	533	313	139
facedb/21516250/1490233650018191099_stereo_right_camera_7.png	21516250	533	313	139
facedb/21516250/1490233650141336917_stereo_right_camera_8.png	21516250	533	313	139
facedb/21516250/1490233650815493106_stereo_right_camera_9.png	21516250	533	313	139
