facedb/888963310/1508512803096151113_stereo_right_camera_0.png	888963310	660	412	192
facedb/888963310/1508512803731313943_stereo_right_camera_1.png	888963310	660	412	192
facedb/888963310/1508512804007867097_stereo_right_camera_2.png	888963310	660	412	192
facedb/888963310/1508512804326514005_stereo_right_camera_3.png	888963310	660	412	192
facedb/888963310/1508512804450037956_stereo_right_camera_4.png	888963310	660	412	192
facedb/888963310/1508512804683393001_stereo_right_camera_5.png	888963310	660	412	192
facedb/888963310/1508512805447007894_stereo_right_camera_6.png	888963310	660	412	192
facedb/888963310/1508512805714628934_stereo_right_camera_7.png	888963310	660	412	192
facedb/888963310/1508512806057898998_stereo_right_camera_8.png	888963310	660	412	192
facedb/888963310/1508512806299384117_stereo_right_camera_9.png	888963310	660	412	192
