facedb/1101893983/1505675779249598979_stereo_right_camera_0.png	1101893983	442	237	161
facedb/1101893983/1505675779499547004_stereo_right_camera_1.png	1101893983	442	237	161
facedb/1101893983/1505675780075887918_stereo_right_camera_2.png	1101893983	442	237	161
facedb/1101893983/1505675780291335105_stereo_right_camera_3.png	1101893983	442	237	161
facedb/1101893983/1505675780462238073_stereo_right_camera_4.png	1101893983	442	237	161
facedb/1101893983/1505675780909293889_stereo_right_camera_5.png	1101893983	442	237	161
facedb/1101893983/1505675781107872009_stereo_right_camera_6.png	1101893983	442	237	161
facedb/1101893983/1505675781194506883_stereo_right_camera_7.png	1101893983	442	237	161
facedb/1101893983/1505675781536808013_stereo_right_camera_8.png	1101893983	442	237	161
facedb/1101893983/1505675781789191007_stereo_right_camera_9.png	1101893983	442	237	161
