facedb/1988418759/1490464791618100881_stereo_right_camera_0.png	1988418759	622	380	241
facedb/1988418759/1490464791787298917_stereo_right_camera_1.png	1988418759	622	380	241
facedb/1988418759/1490464791924351930_stereo_right_camera_2.png	1988418759	622	380	241
facedb/1988418759/1490464792036314964_stereo_right_camera_3.png	1988418759	622	380	241
facedb/1988418759/1490464792284279108_stereo_right_camera_4.png	1988418759	622	380	241
facedb/1988418759/1490464792401387929_stereo_right_camera_5.png	1988418759	622	380	241
facedb/1988418759/1490464792526890039_stereo_right_camera_6.png	1988418759	622	380	241
facedb/1988418759/1490464792834192991_stereo_right_camera_7.png	1988418759	622	380	241
facedb/1988418759/1490464792924768924_stereo_right_camera_8.png	1988418759	622	380	241
facedb/1988418759/1490464793230380058_stereo_right_camera_9.png	1988418759	622	380	241
