facedb/101616894/1497719895224947929_stereo_left_camera_0.png	101616894	542	373	239
facedb/101616894/1497719895397872924_stereo_left_camera_1.png	101616894	542	373	239
facedb/101616894/1497719895510963916_stereo_left_camera_2.png	101616894	542	373	239
facedb/101616894/1497719895684895038_stereo_left_camera_3.png	101616894	542	373	239
facedb/101616894/1497719896602771043_stereo_left_camera_4.png	101616894	542	373	239
facedb/101616894/1497719896704454898_stereo_left_camera_5.png	101616894	542	373	239
facedb/101616894/1497719897015042066_stereo_left_camera_6.png	101616894	542	373	239
facedb/101616894/1497719897268814086_stereo_left_camera_7.png	101616894	542	373	239
facedb/101616894/1497719897468379974_stereo_left_camera_8.png	101616894	542	373	239
facedb/101616894/1497719897570489883_stereo_left_camera_9.png	101616894	542	373	239
