facedb/395923075/1490830661807163953_stereo_left_camera_0.png	395923075	626	310	124
facedb/395923075/1490830662171770095_stereo_left_camera_1.png	395923075	626	310	124
facedb/395923075/1490830662397633075_stereo_left_camera_2.png	395923075	626	310	124
facedb/395923075/1490830662531294107_stereo_left_camera_3.png	395923075	626	310	124
facedb/395923075/1490830662650904893_stereo_left_camera_4.png	395923075	626	310	124
facedb/395923075/1490830663187834978_stereo_left_camera_5.png	395923075	626	310	124
facedb/395923075/1490830663408977985_stereo_left_camera_6.png	395923075	626	310	124
facedb/395923075/1490830663682970046_stereo_left_camera_7.png	395923075	626	310	124
facedb/395923075/1490830663939335107_stereo_left_camera_8.png	395923075	626	310	124
facedb/395923075/1490830664047513961_stereo_left_camera_9.png	395923075	626	310	124
