facedb/691079823/1505674629267355918_stereo_right_camera_0.png	691079823	467	287	188
facedb/691079823/1505674629390866041_stereo_right_camera_1.png	691079823	467	287	188
facedb/691079823/1505674629736712932_stereo_right_camera_2.png	691079823	467	287	188
facedb/691079823/1505674629988584041_stereo_right_camera_3.png	691079823	467	287	188
facedb/691079823/1505674630172557115_stereo_right_camera_4.png	691079823	467	287	188
facedb/691079823/1505674630499342918_stereo_right_camera_5.png	691079823	467	287	188
facedb/691079823/1505674630773602962_stereo_right_camera_6.png	691079823	467	287	188
facedb/691079823/1505674631029068946_stereo_right_camera_7.png	691079823	467	287	188
facedb/691079823/1505674631266834974_stereo_right_camera_8.png	691079823	467	287	188
facedb/691079823/1505674631432626008_stereo_right_camera_9.png	691079823	467	287	188
