facedb/716872731/1493487544233557939_stereo_right_camera_0.png	716872731	365	201	129
facedb/716872731/1493487544825943946_stereo_right_camera_1.png	716872731	365	201	129
facedb/716872731/1493487545040733098_stereo_right_camera_2.png	716872731	365	201	129
facedb/716872731/1493487545261487960_stereo_right_camera_3.png	716872731	365	201	129
facedb/716872731/1493487545667857885_stereo_right_camera_4.png	716872731	365	201	129
facedb/716872731/1493487546045120954_stereo_right_camera_5.png	716872731	365	201	129
facedb/716872731/1493487546303735971_stereo_right_camera_6.png	716872731	365	201	129
facedb/716872731/1493487546561145067_stereo_right_camera_7.png	716872731	365	201	129
facedb/716872731/1493487546788135051_stereo_right_camera_8.png	716872731	365	201	129
facedb/716872731/1493487546997173070_stereo_right_camera_9.png	716872731	365	201	129
