facedb/756716175/1495579328230695009_stereo_right_camera_0.png	756716175	409	246	129
facedb/756716175/1495579328428638935_stereo_right_camera_1.png	756716175	409	246	129
facedb/756716175/1495579328521089076_stereo_right_camera_2.png	756716175	409	246	129
facedb/756716175/1495579328840068101_stereo_right_camera_3.png	756716175	409	246	129
facedb/756716175/1495579328942598104_stereo_right_camera_4.png	756716175	409	246	129
facedb/756716175/1495579329140851974_stereo_right_camera_5.png	756716175	409	246	129
facedb/756716175/1495579329319456100_stereo_right_camera_6.png	756716175	409	246	129
facedb/756716175/1495579329524132013_stereo_right_camera_7.png	756716175	409	246	129
facedb/756716175/1495579329637644052_stereo_right_camera_8.png	756716175	409	246	129
facedb/756716175/1495579329818810939_stereo_right_camera_9.png	756716175	409	246	129
