facedb/145671216/1487207396884839057_stereo_right_camera_0.png	145671216	566	262	145
facedb/145671216/1487207396990135908_stereo_right_camera_1.png	145671216	566	262	145
facedb/145671216/1487207397082304000_stereo_right_camera_2.png	145671216	566	262	145
facedb/145671216/1487207397253957033_stereo_right_camera_3.png	145671216	566	262	145
facedb/145671216/1487207397363653898_stereo_right_camera_4.png	145671216	566	262	145
facedb/145671216/1487207397448065996_stereo_right_camera_5.png	145671216	566	262	145
facedb/145671216/1487207397540129899_stereo_right_camera_6.png	145671216	566	262	145
facedb/145671216/1487207397634701013_stereo_right_camera_7.png	145671216	566	262	145
facedb/145671216/1487207397731794118_stereo_right_camera_8.png	145671216	566	262	145
facedb/145671216/1487207397824196100_stereo_right_camera_9.png	145671216	566	262	145
