facedb/1918250288/1497724570258570909_stereo_right_camera_0.png	1918250288	626	392	200
facedb/1918250288/1497724570380197048_stereo_right_camera_1.png	1918250288	626	392	200
facedb/1918250288/1497724570652764081_stereo_right_camera_2.png	1918250288	626	392	200
facedb/1918250288/1497724570880872011_stereo_right_camera_3.png	1918250288	626	392	200
facedb/1918250288/1497724571000924110_stereo_right_camera_4.png	1918250288	626	392	200
facedb/1918250288/1497724571141047000_stereo_right_camera_5.png	1918250288	626	392	200
facedb/1918250288/1497724571381372928_stereo_right_camera_6.png	1918250288	626	392	200
facedb/1918250288/1497724571744525909_stereo_right_camera_7.png	1918250288	626	392	200
facedb/1918250288/1497724571840768098_stereo_right_camera_8.png	1918250288	626	392	200
facedb/1918250288/1497724572190124034_stereo_right_camera_9.png	1918250288	626	392	200
