facedb/546865459/1495672083142402887_stereo_right_camera_0.png	546865459	583	446	336
facedb/546865459/1495672083883125066_stereo_right_camera_1.png	546865459	583	446	336
facedb/546865459/1495672084506181001_stereo_right_camera_2.png	546865459	583	446	336
facedb/546865459/1495672084685082912_stereo_right_camera_3.png	546865459	583	446	336
facedb/546865459/1495672084836124897_stereo_right_camera_4.png	546865459	583	446	336
facedb/546865459/1495672085278476953_stereo_right_camera_5.png	546865459	583	446	336
facedb/546865459/1495672085685337066_stereo_right_camera_6.png	546865459	583	446	336
facedb/546865459/1495672085783519029_stereo_right_camera_7.png	546865459	583	446	336
facedb/546865459/1495672085999468088_stereo_right_camera_8.png	546865459	583	446	336
facedb/546865459/1495672086197365999_stereo_right_camera_9.png	546865459	583	446	336
