facedb/1403619993/1491139445627655982_stereo_left_camera_0.png	1403619993	553	314	167
facedb/1403619993/1491139445946471929_stereo_left_camera_1.png	1403619993	553	314	167
facedb/1403619993/1491139446045464038_stereo_left_camera_2.png	1403619993	553	314	167
facedb/1403619993/1491139446199691057_stereo_left_camera_3.png	1403619993	553	314	167
facedb/1403619993/1491139446986162900_stereo_left_camera_4.png	1403619993	553	314	167
facedb/1403619993/1491139447221590042_stereo_left_camera_5.png	1403619993	553	314	167
facedb/1403619993/1491139447370048046_stereo_left_camera_6.png	1403619993	553	314	167
facedb/1403619993/1491139447552356958_stereo_left_camera_7.png	1403619993	553	314	167
facedb/1403619993/1491139447698494911_stereo_left_camera_8.png	1403619993	553	314	167
facedb/1403619993/1491139447895714044_stereo_left_camera_9.png	1403619993	553	314	167
