facedb/174273700/1501789854829478025_stereo_right_camera_0.png	174273700	450	317	180
facedb/174273700/1501789854955645084_stereo_right_camera_1.png	174273700	450	317	180
facedb/174273700/1501789855260210037_stereo_right_camera_2.png	174273700	450	317	180
facedb/174273700/1501789855515554904_stereo_right_camera_3.png	174273700	450	317	180
facedb/174273700/1501789855646783113_stereo_right_camera_4.png	174273700	450	317	180
facedb/174273700/1501789855942810058_stereo_right_camera_5.png	174273700	450	317	180
facedb/174273700/1501789856379425048_stereo_right_camera_6.png	174273700	450	317	180
facedb/174273700/1501789856600584983_stereo_right_camera_7.png	174273700	450	317	180
facedb/174273700/1501789856794866085_stereo_right_camera_8.png	174273700	450	317	180
facedb/174273700/1501789857052931070_stereo_right_camera_9.png	174273700	450	317	180
