facedb/1943110218/1491084359357692003_stereo_right_camera_0.png	1943110218	508	346	237
facedb/1943110218/1491084359481887102_stereo_right_camera_1.png	1943110218	508	346	237
facedb/1943110218/1491084359708448886_stereo_right_camera_2.png	1943110218	508	346	237
facedb/1943110218/1491084359799304008_stereo_right_camera_3.png	1943110218	508	346	237
facedb/1943110218/1491084360129559040_stereo_right_camera_4.png	1943110218	508	346	237
facedb/1943110218/1491084360271156072_stereo_right_camera_5.png	1943110218	508	346	237
facedb/1943110218/1491084360385348081_stereo_right_camera_6.png	1943110218	508	346	237
facedb/1943110218/1491084360632491111_stereo_right_camera_7.png	1943110218	508	346	237
facedb/1943110218/1491084360722893953_stereo_right_camera_8.png	1943110218	508	346	237
facedb/1943110218/1491084361103589057_stereo_right_camera_9.png	1943110218	508	346	237
