facedb/1601714294/1490464546728470087_stereo_right_camera_0.png	1601714294	601	344	236
facedb/1601714294/1490464546838661909_stereo_right_camera_1.png	1601714294	601	344	236
facedb/1601714294/1490464546934526920_stereo_right_camera_2.png	1601714294	601	344	236
facedb/1601714294/1490464547030278921_stereo_right_camera_3.png	1601714294	601	344	236
facedb/1601714294/1490464547115597009_stereo_right_camera_4.png	1601714294	601	344	236
facedb/1601714294/1490464548021888017_stereo_right_camera_5.png	1601714294	601	344	236
facedb/1601714294/1490464548258064031_stereo_right_camera_6.png	1601714294	601	344	236
facedb/1601714294/1490464548370698928_stereo_right_camera_7.png	1601714294	601	344	236
facedb/1601714294/1490464548478996038_stereo_right_camera_8.png	1601714294	601	344	236
facedb/1601714294/1490464548570775032_stereo_right_camera_9.png	1601714294	601	344	236
