facedb/936686635/1493487567990025997_stereo_right_camera_0.png	936686635	328	254	179
facedb/936686635/1493487568582104921_stereo_right_camera_1.png	936686635	328	254	179
facedb/936686635/1493487568756947040_stereo_right_camera_2.png	936686635	328	254	179
facedb/936686635/1493487568930542945_stereo_right_camera_3.png	936686635	328	254	179
facedb/936686635/1493487569111915111_stereo_right_camera_4.png	936686635	328	254	179
facedb/936686635/1493487569277527093_stereo_right_camera_5.png	936686635	328	254	179
facedb/936686635/1493487569602317094_stereo_right_camera_6.png	936686635	328	254	179
facedb/936686635/1493487569741682052_stereo_right_camera_7.png	936686635	328	254	179
facedb/936686635/1493487570669815063_stereo_right_camera_8.png	936686635	328	254	179
facedb/936686635/1493487571359329938_stereo_right_camera_9.png	936686635	328	254	179
