facedb/1531036555/1495064892618134021_stereo_right_camera_0.png	1531036555	486	332	217
facedb/1531036555/1495064892713238000_stereo_right_camera_1.png	1531036555	486	332	217
facedb/1531036555/1495064893619760036_stereo_right_camera_2.png	1531036555	486	332	217
facedb/1531036555/1495064893922312974_stereo_right_camera_3.png	1531036555	486	332	217
facedb/1531036555/1495064894831312894_stereo_right_camera_4.png	1531036555	486	332	217
facedb/1531036555/1495064895528590917_stereo_right_camera_5.png	1531036555	486	332	217
facedb/1531036555/1495064896201471090_stereo_right_camera_6.png	1531036555	486	332	217
facedb/1531036555/1495064896407380104_stereo_right_camera_7.png	1531036555	486	332	217
facedb/1531036555/1495064897128700971_stereo_right_camera_8.png	1531036555	486	332	217
facedb/1531036555/1495064897446360111_stereo_right_camera_9.png	1531036555	486	332	217
