facedb/790075170/1491075657167310953_stereo_right_camera_0.png	790075170	445	284	137
facedb/790075170/1491075657695614099_stereo_right_camera_1.png	790075170	445	284	137
facedb/790075170/1491075658455972909_stereo_right_camera_2.png	790075170	445	284	137
facedb/790075170/1491075659058537006_stereo_right_camera_3.png	790075170	445	284	137
facedb/790075170/1491075659987703084_stereo_right_camera_4.png	790075170	445	284	137
facedb/790075170/1491075660085355043_stereo_right_camera_5.png	790075170	445	284	137
facedb/790075170/1491075660402789115_stereo_right_camera_6.png	790075170	445	284	137
facedb/790075170/1491075660539475917_stereo_right_camera_7.png	790075170	445	284	137
facedb/790075170/1491075660698347091_stereo_right_camera_8.png	790075170	445	284	137
facedb/790075170/1491075660770644903_stereo_right_camera_9.png	790075170	445	284	137
