facedb/220256017/1491073909291452884_stereo_right_camera_0.png	220256017	590	393	278
facedb/220256017/1491073909381532907_stereo_right_camera_1.png	220256017	590	393	278
facedb/220256017/1491073909524360895_stereo_right_camera_2.png	220256017	590	393	278
facedb/220256017/1491073909682190895_stereo_right_camera_3.png	220256017	590	393	278
facedb/220256017/1491073909867639064_stereo_right_camera_4.png	220256017	590	393	278
facedb/220256017/1491073910023386955_stereo_right_camera_5.png	220256017	590	393	278
facedb/220256017/1491073910124331951_stereo_right_camera_6.png	220256017	590	393	278
facedb/220256017/1491073910349318027_stereo_right_camera_7.png	220256017	590	393	278
facedb/220256017/1491073910628532886_stereo_right_camera_8.png	220256017	590	393	278
facedb/220256017/1491073910718995094_stereo_right_camera_9.png	220256017	590	393	278
