facedb/664202817/1501790927608604907_stereo_right_camera_0.png	664202817	355	223	104
facedb/664202817/1501790927876563072_stereo_right_camera_1.png	664202817	355	223	104
facedb/664202817/1501790928062316894_stereo_right_camera_2.png	664202817	355	223	104
facedb/664202817/1501790928301175117_stereo_right_camera_3.png	664202817	355	223	104
facedb/664202817/1501790928534756898_stereo_right_camera_4.png	664202817	355	223	104
facedb/664202817/1501790928807183027_stereo_right_camera_5.png	664202817	355	223	104
facedb/664202817/1501790929103054046_stereo_right_camera_6.png	664202817	355	223	104
facedb/664202817/1501790929346636056_stereo_right_camera_7.png	664202817	355	223	104
facedb/664202817/1501790929543715953_stereo_right_camera_8.png	664202817	355	223	104
facedb/664202817/1501790929732691049_stereo_right_camera_9.png	664202817	355	223	104
