facedb/830500320/1491074509411788940_stereo_right_camera_0.png	830500320	433	224	117
facedb/830500320/1491074510178883075_stereo_right_camera_1.png	830500320	433	224	117
facedb/830500320/1491074510284379005_stereo_right_camera_2.png	830500320	433	224	117
facedb/830500320/1491074510544635057_stereo_right_camera_3.png	830500320	433	224	117
facedb/830500320/1491074510640579938_stereo_right_camera_4.png	830500320	433	224	117
facedb/830500320/1491074510827059984_stereo_right_camera_5.png	830500320	433	224	117
facedb/830500320/1491074510954919099_stereo_right_camera_6.png	830500320	433	224	117
facedb/830500320/1491074511153642892_stereo_right_camera_7.png	830500320	433	224	117
facedb/830500320/1491074511266448020_stereo_right_camera_8.png	830500320	433	224	117
facedb/830500320/1491074511455030918_stereo_right_camera_9.png	830500320	433	224	117
