facedb/607656932/1491074366416043043_stereo_right_camera_0.png	607656932	559	303	130
facedb/607656932/1491074366778934001_stereo_right_camera_1.png	607656932	559	303	130
facedb/607656932/1491074366923326015_stereo_right_camera_2.png	607656932	559	303	130
facedb/607656932/1491074367019229888_stereo_right_camera_3.png	607656932	559	303	130
facedb/607656932/1491074367212452888_stereo_right_camera_4.png	607656932	559	303	130
facedb/607656932/1491074367475214004_stereo_right_camera_5.png	607656932	559	303	130
facedb/607656932/1491074367669945955_stereo_right_camera_6.png	607656932	559	303	130
facedb/607656932/1491074367774290084_stereo_right_camera_7.png	607656932	559	303	130
facedb/607656932/1491074367916336059_stereo_right_camera_8.png	607656932	559	303	130
facedb/607656932/1491074368018596887_stereo_right_camera_9.png	607656932	559	303	130
