facedb/494641633/1490231778199316978_stereo_right_camera_0.png	494641633	524	322	125
facedb/494641633/1490231778388499021_stereo_right_camera_1.png	494641633	524	322	125
facedb/494641633/1490231778962297916_stereo_right_camera_2.png	494641633	524	322	125
facedb/494641633/1490231779054311990_stereo_right_camera_3.png	494641633	524	322	125
facedb/494641633/1490231779124828100_stereo_right_camera_4.png	494641633	524	322	125
facedb/494641633/1490231779201287031_stereo_right_camera_5.png	494641633	524	322	125
facedb/494641633/1490231779366586923_stereo_right_camera_6.png	494641633	524	322	125
facedb/494641633/1490231779487375020_stereo_right_camera_7.png	494641633	524	322	125
facedb/494641633/1490231779702702045_stereo_right_camera_8.png	494641633	524	322	125
facedb/494641633/1490231779795695066_stereo_right_camera_9.png	494641633	524	322	125
