facedb/1574256164/1493487506691956043_stereo_right_camera_0.png	1574256164	434	315	234
facedb/1574256164/1493487507032124042_stereo_right_camera_1.png	1574256164	434	315	234
facedb/1574256164/1493487507449280977_stereo_right_camera_2.png	1574256164	434	315	234
facedb/1574256164/1493487507609211921_stereo_right_camera_3.png	1574256164	434	315	234
facedb/1574256164/1493487507838496923_stereo_right_camera_4.png	1574256164	434	315	234
facedb/1574256164/1493487508033747911_stereo_right_camera_5.png	1574256164	434	315	234
facedb/1574256164/1493487508201500892_stereo_right_camera_6.png	1574256164	434	315	234
facedb/1574256164/1493487508341067075_stereo_right_camera_7.png	1574256164	434	315	234
facedb/1574256164/1493487508677428007_stereo_right_camera_8.png	1574256164	434	315	234
facedb/1574256164/1493487508902491092_stereo_right_camera_9.png	1574256164	434	315	234
