facedb/1606410035/1505671765582212924_stereo_right_camera_0.png	1606410035	481	295	200
facedb/1606410035/1505671765792543888_stereo_right_camera_1.png	1606410035	481	295	200
facedb/1606410035/1505671766064857959_stereo_right_camera_2.png	1606410035	481	295	200
facedb/1606410035/1505671766234534978_stereo_right_camera_3.png	1606410035	481	295	200
facedb/1606410035/1505671766701057910_stereo_right_camera_4.png	1606410035	481	295	200
facedb/1606410035/1505671766907499074_stereo_right_camera_5.png	1606410035	481	295	200
facedb/1606410035/1505671767173015117_stereo_right_camera_6.png	1606410035	481	295	200
facedb/1606410035/1505671767856854915_stereo_right_camera_7.png	1606410035	481	295	200
facedb/1606410035/1505671768150485038_stereo_right_camera_8.png	1606410035	481	295	200
facedb/1606410035/1505671768349764108_stereo_right_camera_9.png	1606410035	481	295	200
