facedb/212423024/1491079460685473918_stereo_right_camera_0.png	212423024	548	374	200
facedb/212423024/1491079460776628017_stereo_right_camera_1.png	212423024	548	374	200
facedb/212423024/1491079460994617938_stereo_right_camera_2.png	212423024	548	374	200
facedb/212423024/1491079461121740102_stereo_right_camera_3.png	212423024	548	374	200
facedb/212423024/1491079461825021028_stereo_right_camera_4.png	212423024	548	374	200
facedb/212423024/1491079462160711050_stereo_right_camera_5.png	212423024	548	374	200
facedb/212423024/1491079462503506898_stereo_right_camera_6.png	212423024	548	374	200
facedb/212423024/1491079462859098911_stereo_right_camera_7.png	212423024	548	374	200
facedb/212423024/1491079463011071920_stereo_right_camera_8.png	212423024	548	374	200
facedb/212423024/1491079463255738973_stereo_right_camera_9.png	212423024	548	374	200
