facedb/1365450317/1495580019014158964_stereo_right_camera_0.png	1365450317	479	317	215
facedb/1365450317/1495580019081429958_stereo_right_camera_1.png	1365450317	479	317	215
facedb/1365450317/1495580019468507051_stereo_right_camera_2.png	1365450317	479	317	215
facedb/1365450317/1495580019913324117_stereo_right_camera_3.png	1365450317	479	317	215
facedb/1365450317/1495580020239666938_stereo_right_camera_4.png	1365450317	479	317	215
facedb/1365450317/1495580020473653078_stereo_right_camera_5.png	1365450317	479	317	215
facedb/1365450317/1495580020625164985_stereo_right_camera_6.png	1365450317	479	317	215
facedb/1365450317/1495580020778768062_stereo_right_camera_7.png	1365450317	479	317	215
facedb/1365450317/1495580021016802072_stereo_right_camera_8.png	1365450317	479	317	215
facedb/1365450317/1495580021107825040_stereo_right_camera_9.png	1365450317	479	317	215
