facedb/1334287077/1497729306141712903_stereo_right_camera_0.png	1334287077	660	339	72
facedb/1334287077/1497729306421787977_stereo_right_camera_1.png	1334287077	660	339	72
facedb/1334287077/1497729306825756072_stereo_right_camera_2.png	1334287077	660	339	72
facedb/1334287077/1497729307170526981_stereo_right_camera_3.png	1334287077	660	339	72
facedb/1334287077/1497729307264949083_stereo_right_camera_4.png	1334287077	660	339	72
facedb/1334287077/1497729307581134080_stereo_right_camera_5.png	1334287077	660	339	72
facedb/1334287077/1497729307816838979_stereo_right_camera_6.png	1334287077	660	339	72
facedb/1334287077/1497729307940874099_stereo_right_camera_7.png	1334287077	660	339	72
facedb/1334287077/1497729308275926113_stereo_right_camera_8.png	1334287077	660	339	72
facedb/1334287077/1497729308373450994_stereo_right_camera_9.png	1334287077	660	339	72
