facedb/517420512/1493486378869683980_stereo_right_camera_0.png	517420512	469	272	171
facedb/517420512/1493486378989943027_stereo_right_camera_1.png	517420512	469	272	171
facedb/517420512/1493486379155076026_stereo_right_camera_2.png	517420512	469	272	171
facedb/517420512/1493486379333971977_stereo_right_camera_3.png	517420512	469	272	171
facedb/517420512/1493486379516156911_stereo_right_camera_4.png	517420512	469	272	171
facedb/517420512/1493486379693803071_stereo_right_camera_5.png	517420512	469	272	171
facedb/517420512/1493486379790410995_stereo_right_camera_6.png	517420512	469	272	171
facedb/517420512/1493486380069639921_stereo_right_camera_7.png	517420512	469	272	171
facedb/517420512/1493486380969211101_stereo_right_camera_8.png	517420512	469	272	171
facedb/517420512/1493486381067820072_stereo_right_camera_9.png	517420512	469	272	171
