facedb/1687823178/1501790188780379056_stereo_right_camera_0.png	1687823178	468	353	235
facedb/1687823178/1501790188977881908_stereo_right_camera_1.png	1687823178	468	353	235
facedb/1687823178/1501790189241030931_stereo_right_camera_2.png	1687823178	468	353	235
facedb/1687823178/1501790189432658910_stereo_right_camera_3.png	1687823178	468	353	235
facedb/1687823178/1501790189748579025_stereo_right_camera_4.png	1687823178	468	353	235
facedb/1687823178/1501790189965725898_stereo_right_camera_5.png	1687823178	468	353	235
facedb/1687823178/1501790190211270093_stereo_right_camera_6.png	1687823178	468	353	235
facedb/1687823178/1501790190744075059_stereo_right_camera_7.png	1687823178	468	353	235
facedb/1687823178/1501790190947110891_stereo_right_camera_8.png	1687823178	468	353	235
facedb/1687823178/1501790191461987018_stereo_right_camera_9.png	1687823178	468	353	235
