facedb/1723123914/1491069348189794063_stereo_right_camera_0.png	1723123914	661	390	226
facedb/1723123914/1491069348310499906_stereo_right_camera_1.png	1723123914	661	390	226
facedb/1723123914/1491069349104192972_stereo_right_camera_2.png	1723123914	661	390	226
facedb/1723123914/1491069349318304061_stereo_right_camera_3.png	1723123914	661	390	226
facedb/1723123914/1491069349454479932_stereo_right_camera_4.png	1723123914	661	390	226
facedb/1723123914/1491069349751091957_stereo_right_camera_5.png	1723123914	661	390	226
facedb/1723123914/1491069350048166036_stereo_right_camera_6.png	1723123914	661	390	226
facedb/1723123914/1491069350237766027_stereo_right_camera_7.png	1723123914	661	390	226
facedb/1723123914/1491069350499139070_stereo_right_camera_8.png	1723123914	661	390	226
facedb/1723123914/1491069350572292089_stereo_right_camera_9.png	1723123914	661	390	226
