facedb/274354862/1523813840081136941_stereo_right_camera_0.png	274354862	594	352	226
facedb/274354862/1523813840291285991_stereo_right_camera_1.png	274354862	594	352	226
facedb/274354862/1523813840624831914_stereo_right_camera_2.png	274354862	594	352	226
facedb/274354862/1523813840820338010_stereo_right_camera_3.png	274354862	594	352	226
facedb/274354862/1523813841041038990_stereo_right_camera_4.png	274354862	594	352	226
facedb/274354862/1523813841445005893_stereo_right_camera_5.png	274354862	594	352	226
facedb/274354862/1523813841572489976_stereo_right_camera_6.png	274354862	594	352	226
facedb/274354862/1523813841888746976_stereo_right_camera_7.png	274354862	594	352	226
facedb/274354862/1523813842441153049_stereo_right_camera_8.png	274354862	594	352	226
facedb/274354862/1523813842717555046_stereo_right_camera_9.png	274354862	594	352	226
