facedb/976839520/1505676083973834037_stereo_right_camera_0.png	976839520	392	297	195
facedb/976839520/1505676084633533000_stereo_right_camera_1.png	976839520	392	297	195
facedb/976839520/1505676084955981016_stereo_right_camera_2.png	976839520	392	297	195
facedb/976839520/1505676085151277065_stereo_right_camera_3.png	976839520	392	297	195
facedb/976839520/1505676085457941055_stereo_right_camera_4.png	976839520	392	297	195
facedb/976839520/1505676085660798072_stereo_right_camera_5.png	976839520	392	297	195
facedb/976839520/1505676085927656888_stereo_right_camera_6.png	976839520	392	297	195
facedb/976839520/1505676086110954999_stereo_right_camera_7.png	976839520	392	297	195
facedb/976839520/1505676086412786006_stereo_right_camera_8.png	976839520	392	297	195
facedb/976839520/1505676086498676061_stereo_right_camera_9.png	976839520	392	297	195
