facedb/901864127/1497720537766120910_stereo_right_camera_0.png	901864127	530	262	161
facedb/901864127/1497720537996721982_stereo_right_camera_1.png	901864127	530	262	161
facedb/901864127/1497720538477475881_stereo_right_camera_2.png	901864127	530	262	161
facedb/901864127/1497720538692992925_stereo_right_camera_3.png	901864127	530	262	161
facedb/901864127/1497720539018431901_stereo_right_camera_4.png	901864127	530	262	161
facedb/901864127/1497720539244359970_stereo_right_camera_5.png	901864127	530	262	161
facedb/901864127/1497720539350821018_stereo_right_camera_6.png	901864127	530	262	161
facedb/901864127/1497720539751735925_stereo_right_camera_7.png	901864127	530	262	161
facedb/901864127/1497720540143263101_stereo_right_camera_8.png	901864127	530	262	161
facedb/901864127/1497720540505750894_stereo_right_camera_9.png	901864127	530	262	161
