facedb/1924304019/1490464536305663108_stereo_right_camera_0.png	1924304019	571	326	175
facedb/1924304019/1490464536396883010_stereo_right_camera_1.png	1924304019	571	326	175
facedb/1924304019/1490464536502162933_stereo_right_camera_2.png	1924304019	571	326	175
facedb/1924304019/1490464536597346067_stereo_right_camera_3.png	1924304019	571	326	175
facedb/1924304019/1490464536673994064_stereo_right_camera_4.png	1924304019	571	326	175
facedb/1924304019/1490464536765038013_stereo_right_camera_5.png	1924304019	571	326	175
facedb/1924304019/1490464536853794097_stereo_right_camera_6.png	1924304019	571	326	175
facedb/1924304019/1490464536929790019_stereo_right_camera_7.png	1924304019	571	326	175
facedb/1924304019/1490464537014703035_stereo_right_camera_8.png	1924304019	571	326	175
facedb/1924304019/1490464537104856014_stereo_right_camera_9.png	1924304019	571	326	175
