facedb/609510083/1491146049463903903_stereo_right_camera_0.png	609510083	495	310	166
facedb/609510083/1491146049573870897_stereo_right_camera_1.png	609510083	495	310	166
facedb/609510083/1491146049652663946_stereo_right_camera_2.png	609510083	495	310	166
facedb/609510083/1491146049941190004_stereo_right_camera_3.png	609510083	495	310	166
facedb/609510083/1491146050111938953_stereo_right_camera_4.png	609510083	495	310	166
facedb/609510083/1491146050216415882_stereo_right_camera_5.png	609510083	495	310	166
facedb/609510083/1491146050394826889_stereo_right_camera_6.png	609510083	495	310	166
facedb/609510083/1491146050544086933_stereo_right_camera_7.png	609510083	495	310	166
facedb/609510083/1491146050781673908_stereo_right_camera_8.png	609510083	495	310	166
facedb/609510083/1491146050897027015_stereo_right_camera_9.png	609510083	495	310	166
