facedb/1416377267/1501789097680910110_stereo_right_camera_0.png	1416377267	427	300	179
facedb/1416377267/1501789097749722003_stereo_right_camera_1.png	1416377267	427	300	179
facedb/1416377267/1501789098167768001_stereo_right_camera_2.png	1416377267	427	300	179
facedb/1416377267/1501789098260530948_stereo_right_camera_3.png	1416377267	427	300	179
facedb/1416377267/1501789098512286901_stereo_right_camera_4.png	1416377267	427	300	179
facedb/1416377267/1501789098681791067_stereo_right_camera_5.png	1416377267	427	300	179
facedb/1416377267/1501789098999285936_stereo_right_camera_6.png	1416377267	427	300	179
facedb/1416377267/1501789099075685024_stereo_right_camera_7.png	1416377267	427	300	179
facedb/1416377267/1501789099862291097_stereo_right_camera_8.png	1416377267	427	300	179
facedb/1416377267/1501789100092336893_stereo_right_camera_9.png	1416377267	427	300	179
