facedb/1452425775/1521914495303942918_stereo_right_camera_0.png	1452425775	404	242	168
facedb/1452425775/1521914495515108108_stereo_right_camera_1.png	1452425775	404	242	168
facedb/1452425775/1521914495614156961_stereo_right_camera_2.png	1452425775	404	242	168
facedb/1452425775/1521914496403311014_stereo_right_camera_3.png	1452425775	404	242	168
facedb/1452425775/1521914496622517108_stereo_right_camera_4.png	1452425775	404	242	168
facedb/1452425775/1521914497182076930_stereo_right_camera_5.png	1452425775	404	242	168
facedb/1452425775/1521914497498179912_stereo_right_camera_6.png	1452425775	404	242	168
facedb/1452425775/1521914497743365049_stereo_right_camera_7.png	1452425775	404	242	168
facedb/1452425775/1521914498085105895_stereo_right_camera_8.png	1452425775	404	242	168
facedb/1452425775/1521914498271522998_stereo_right_camera_9.png	1452425775	404	242	168
