facedb/640773682/1491080554205256938_stereo_right_camera_0.png	640773682	553	249	87
facedb/640773682/1491080554327145099_stereo_right_camera_1.png	640773682	553	249	87
facedb/640773682/1491080555182775020_stereo_right_camera_2.png	640773682	553	249	87
facedb/640773682/1491080555416939973_stereo_right_camera_3.png	640773682	553	249	87
facedb/640773682/1491080555540132045_stereo_right_camera_4.png	640773682	553	249	87
facedb/640773682/1491080555718535900_stereo_right_camera_5.png	640773682	553	249	87
facedb/640773682/1491080555938102006_stereo_right_camera_6.png	640773682	553	249	87
facedb/640773682/1491080556098872900_stereo_right_camera_7.png	640773682	553	249	87
facedb/640773682/1491080556336107015_stereo_right_camera_8.png	640773682	553	249	87
facedb/640773682/1491080556608210086_stereo_right_camera_9.png	640773682	553	249	87
