facedb/173796794/1491079524714118003_stereo_right_camera_0.png	173796794	545	322	72
facedb/173796794/1491079525024254083_stereo_right_camera_1.png	173796794	545	322	72
facedb/173796794/1491079525148740053_stereo_right_camera_2.png	173796794	545	322	72
facedb/173796794/1491079525320348978_stereo_right_camera_3.png	173796794	545	322	72
facedb/173796794/1491079525512408018_stereo_right_camera_4.png	173796794	545	322	72
facedb/173796794/1491079525584841966_stereo_right_camera_5.png	173796794	545	322	72
facedb/173796794/1491079525955452919_stereo_right_camera_6.png	173796794	545	322	72
facedb/173796794/1491079526146457910_stereo_right_camera_7.png	173796794	545	322	72
facedb/173796794/1491079526311225891_stereo_right_camera_8.png	173796794	545	322	72
facedb/173796794/1491079526404746055_stereo_right_camera_9.png	173796794	545	322	72
