facedb/641615012/1491059570572479009_stereo_right_camera_0.png	641615012	522	270	104
facedb/641615012/1491059570778625965_stereo_right_camera_1.png	641615012	522	270	104
facedb/641615012/1491059571562839984_stereo_right_camera_2.png	641615012	522	270	104
facedb/641615012/1491059571638911962_stereo_right_camera_3.png	641615012	522	270	104
facedb/641615012/1491059571968400001_stereo_right_camera_4.png	641615012	522	270	104
facedb/641615012/1491059572060609102_stereo_right_camera_5.png	641615012	522	270	104
facedb/641615012/1491059572126877069_stereo_right_camera_6.png	641615012	522	270	104
facedb/641615012/1491059572379812002_stereo_right_camera_7.png	641615012	522	270	104
facedb/641615012/1491059572460134983_stereo_right_camera_8.png	641615012	522	270	104
facedb/641615012/1491059572616839885_stereo_right_camera_9.png	641615012	522	270	104
