facedb/170718463/1490465034760946989_stereo_left_camera_0.png	170718463	619	391	288
facedb/170718463/1490465034897346973_stereo_left_camera_1.png	170718463	619	391	288
facedb/170718463/1490465035180598974_stereo_left_camera_2.png	170718463	619	391	288
facedb/170718463/1490465035277220964_stereo_left_camera_3.png	170718463	619	391	288
facedb/170718463/1490465035477720022_stereo_left_camera_4.png	170718463	619	391	288
facedb/170718463/1490465035580926895_stereo_left_camera_5.png	170718463	619	391	288
facedb/170718463/1490465035659214019_stereo_left_camera_6.png	170718463	619	391	288
facedb/170718463/1490465035744446039_stereo_left_camera_7.png	170718463	619	391	288
facedb/170718463/1490465035853883981_stereo_left_camera_8.png	170718463	619	391	288
facedb/170718463/1490465035940375089_stereo_left_camera_9.png	170718463	619	391	288
