facedb/1080423751/1490233825021872997_stereo_right_camera_0.png	1080423751	581	332	131
facedb/1080423751/1490233825342933893_stereo_right_camera_1.png	1080423751	581	332	131
facedb/1080423751/1490233825511159896_stereo_right_camera_2.png	1080423751	581	332	131
facedb/1080423751/1490233826450361967_stereo_right_camera_3.png	1080423751	581	332	131
facedb/1080423751/1490233826822388887_stereo_right_camera_4.png	1080423751	581	332	131
facedb/1080423751/1490233827109765052_stereo_right_camera_5.png	1080423751	581	332	131
facedb/1080423751/1490233827224733114_stereo_right_camera_6.png	1080423751	581	332	131
facedb/1080423751/1490233827428625106_stereo_right_camera_7.png	1080423751	581	332	131
facedb/1080423751/1490233827581710100_stereo_right_camera_8.png	1080423751	581	332	131
facedb/1080423751/1490233827799551010_stereo_right_camera_9.png	1080423751	581	332	131
