facedb/1379607480/1505671369685225009_stereo_right_camera_0.png	1379607480	467	362	237
facedb/1379607480/1505671369905790090_stereo_right_camera_1.png	1379607480	467	362	237
facedb/1379607480/1505671370109952926_stereo_right_camera_2.png	1379607480	467	362	237
facedb/1379607480/1505671370307578086_stereo_right_camera_3.png	1379607480	467	362	237
facedb/1379607480/1505671370535150051_stereo_right_camera_4.png	1379607480	467	362	237
facedb/1379607480/1505671370767786979_stereo_right_camera_5.png	1379607480	467	362	237
facedb/1379607480/1505671370987690925_stereo_right_camera_6.png	1379607480	467	362	237
facedb/1379607480/1505671371198705911_stereo_right_camera_7.png	1379607480	467	362	237
facedb/1379607480/1505671371459830045_stereo_right_camera_8.png	1379607480	467	362	237
facedb/1379607480/1505671371694206953_stereo_right_camera_9.png	1379607480	467	362	237
