facedb/371190380/1490233317699098110_stereo_right_camera_0.png	371190380	437	255	156
facedb/371190380/1490233317788877964_stereo_right_camera_1.png	371190380	437	255	156
facedb/371190380/1490233318277596950_stereo_right_camera_2.png	371190380	437	255	156
facedb/371190380/1490233318377846956_stereo_right_camera_3.png	371190380	437	255	156
facedb/371190380/1490233318494110107_stereo_right_camera_4.png	371190380	437	255	156
facedb/371190380/1490233318628314971_stereo_right_camera_5.png	371190380	437	255	156
facedb/371190380/1490233318710717916_stereo_right_camera_6.png	371190380	437	255	156
facedb/371190380/1490233318906043052_stereo_right_camera_7.png	371190380	437	255	156
facedb/371190380/1490233319015775918_stereo_right_camera_8.png	371190380	437	255	156
facedb/371190380/1490233319122842073_stereo_right_camera_9.png	371190380	437	255	156
