facedb/97594565/1493487535978141069_stereo_right_camera_0.png	97594565	464	262	167
facedb/97594565/1493487536141488075_stereo_right_camera_1.png	97594565	464	262	167
facedb/97594565/1493487536768584012_stereo_right_camera_2.png	97594565	464	262	167
facedb/97594565/1493487536864207983_stereo_right_camera_3.png	97594565	464	262	167
facedb/97594565/1493487537017883062_stereo_right_camera_4.png	97594565	464	262	167
facedb/97594565/1493487537895924091_stereo_right_camera_5.png	97594565	464	262	167
facedb/97594565/1493487538260867118_stereo_right_camera_6.png	97594565	464	262	167
facedb/97594565/1493487538514775037_stereo_right_camera_7.png	97594565	464	262	167
facedb/97594565/1493487538700730085_stereo_right_camera_8.png	97594565	464	262	167
facedb/97594565/1493487538868861913_stereo_right_camera_9.png	97594565	464	262	167
