facedb/59657289/1495668390676608085_stereo_right_camera_0.png	59657289	328	236	137
facedb/59657289/1495668390836673021_stereo_right_camera_1.png	59657289	328	236	137
facedb/59657289/1495668390987518072_stereo_right_camera_2.png	59657289	328	236	137
facedb/59657289/1495668391287398099_stereo_right_camera_3.png	59657289	328	236	137
facedb/59657289/1495668391575444936_stereo_right_camera_4.png	59657289	328	236	137
facedb/59657289/1495668391846652984_stereo_right_camera_5.png	59657289	328	236	137
facedb/59657289/1495668392143523931_stereo_right_camera_6.png	59657289	328	236	137
facedb/59657289/1495668392374541044_stereo_right_camera_7.png	59657289	328	236	137
facedb/59657289/1495668392569711923_stereo_right_camera_8.png	59657289	328	236	137
facedb/59657289/1495668392779912948_stereo_right_camera_9.png	59657289	328	236	137
