facedb/942210346/1490464819551420927_stereo_right_camera_0.png	942210346	726	442	255
facedb/942210346/1490464819664612054_stereo_right_camera_1.png	942210346	726	442	255
facedb/942210346/1490464819764326095_stereo_right_camera_2.png	942210346	726	442	255
facedb/942210346/1490464819864689111_stereo_right_camera_3.png	942210346	726	442	255
facedb/942210346/1490464819961668968_stereo_right_camera_4.png	942210346	726	442	255
facedb/942210346/1490464820057276964_stereo_right_camera_5.png	942210346	726	442	255
facedb/942210346/1490464820180469036_stereo_right_camera_6.png	942210346	726	442	255
facedb/942210346/1490464820279983043_stereo_right_camera_7.png	942210346	726	442	255
facedb/942210346/1490464820380729913_stereo_right_camera_8.png	942210346	726	442	255
facedb/942210346/1490464820469460964_stereo_right_camera_9.png	942210346	726	442	255
