facedb/1934896699/1523812969166116952_stereo_right_camera_0.png	1934896699	739	447	284
facedb/1934896699/1523812969738993883_stereo_right_camera_1.png	1934896699	739	447	284
facedb/1934896699/1523812970326311111_stereo_right_camera_2.png	1934896699	739	447	284
facedb/1934896699/1523812970708911895_stereo_right_camera_3.png	1934896699	739	447	284
facedb/1934896699/1523812971101397037_stereo_right_camera_4.png	1934896699	739	447	284
facedb/1934896699/1523812971370938062_stereo_right_camera_5.png	1934896699	739	447	284
facedb/1934896699/1523812971660029888_stereo_right_camera_6.png	1934896699	739	447	284
facedb/1934896699/1523812971929971933_stereo_right_camera_7.png	1934896699	739	447	284
facedb/1934896699/1523812972045784950_stereo_right_camera_8.png	1934896699	739	447	284
facedb/1934896699/1523812972477469921_stereo_right_camera_9.png	1934896699	739	447	284
