facedb/1497458501/1490469257106916904_stereo_right_camera_0.png	1497458501	676	496	304
facedb/1497458501/1490469257290353059_stereo_right_camera_1.png	1497458501	676	496	304
facedb/1497458501/1490469257502022981_stereo_right_camera_2.png	1497458501	676	496	304
facedb/1497458501/1490469257709074974_stereo_right_camera_3.png	1497458501	676	496	304
facedb/1497458501/1490469257850805044_stereo_right_camera_4.png	1497458501	676	496	304
facedb/1497458501/1490469257944125890_stereo_right_camera_5.png	1497458501	676	496	304
facedb/1497458501/1490469258054426908_stereo_right_camera_6.png	1497458501	676	496	304
facedb/1497458501/1490469258140850067_stereo_right_camera_7.png	1497458501	676	496	304
facedb/1497458501/1490469258235296964_stereo_right_camera_8.png	1497458501	676	496	304
facedb/1497458501/1490469258352838039_stereo_right_camera_9.png	1497458501	676	496	304
