facedb/875076823/1491072605731775045_stereo_right_camera_0.png	875076823	572	289	144
facedb/875076823/1491072605982436895_stereo_right_camera_1.png	875076823	572	289	144
facedb/875076823/1491072606200292110_stereo_right_camera_2.png	875076823	572	289	144
facedb/875076823/1491072606307240962_stereo_right_camera_3.png	875076823	572	289	144
facedb/875076823/1491072606499099016_stereo_right_camera_4.png	875076823	572	289	144
facedb/875076823/1491072606616657018_stereo_right_camera_5.png	875076823	572	289	144
facedb/875076823/1491072606731725931_stereo_right_camera_6.png	875076823	572	289	144
facedb/875076823/1491072606942821025_stereo_right_camera_7.png	875076823	572	289	144
facedb/875076823/1491072607039902925_stereo_right_camera_8.png	875076823	572	289	144
facedb/875076823/1491072607304826974_stereo_right_camera_9.png	875076823	572	289	144
