facedb/603353903/1495667431587446928_stereo_right_camera_0.png	603353903	441	210	129
facedb/603353903/1495667431774477958_stereo_right_camera_1.png	603353903	441	210	129
facedb/603353903/1495667431894033908_stereo_right_camera_2.png	603353903	441	210	129
facedb/603353903/1495667432598715066_stereo_right_camera_3.png	603353903	441	210	129
facedb/603353903/1495667432737343072_stereo_right_camera_4.png	603353903	441	210	129
facedb/603353903/1495667432900207042_stereo_right_camera_5.png	603353903	441	210	129
facedb/603353903/1495667433078217983_stereo_right_camera_6.png	603353903	441	210	129
facedb/603353903/1495667433607287883_stereo_right_camera_7.png	603353903	441	210	129
facedb/603353903/1495667434193464040_stereo_right_camera_8.png	603353903	441	210	129
facedb/603353903/1495667434405778884_stereo_right_camera_9.png	603353903	441	210	129
