facedb/40355199/1508515786714600086_stereo_right_camera_0.png	40355199	477	302	204
facedb/40355199/1508515786848086118_stereo_right_camera_1.png	40355199	477	302	204
facedb/40355199/1508515787156419992_stereo_right_camera_2.png	40355199	477	302	204
facedb/40355199/1508515787686655044_stereo_right_camera_3.png	40355199	477	302	204
facedb/40355199/1508515788020191907_stereo_right_camera_4.png	40355199	477	302	204
facedb/40355199/1508515788252253055_stereo_right_camera_5.png	40355199	477	302	204
facedb/40355199/1508515788468153953_stereo_right_camera_6.png	40355199	477	302	204
facedb/40355199/1508515788710633039_stereo_right_camera_7.png	40355199	477	302	204
facedb/40355199/1508515789063024997_stereo_right_camera_8.png	40355199	477	302	204
facedb/40355199/1508515789178879022_stereo_right_camera_9.png	40355199	477	302	204
