facedb/1972187380/1508511719791560888_stereo_right_camera_0.png	1972187380	672	514	373
facedb/1972187380/1508511719996968984_stereo_right_camera_1.png	1972187380	672	514	373
facedb/1972187380/1508511720242008924_stereo_right_camera_2.png	1972187380	672	514	373
facedb/1972187380/1508511720526315927_stereo_right_camera_3.png	1972187380	672	514	373
facedb/1972187380/1508511720729454040_stereo_right_camera_4.png	1972187380	672	514	373
facedb/1972187380/1508511720994101047_stereo_right_camera_5.png	1972187380	672	514	373
facedb/1972187380/1508511721262839078_stereo_right_camera_6.png	1972187380	672	514	373
facedb/1972187380/1508511721435714960_stereo_right_camera_7.png	1972187380	672	514	373
facedb/1972187380/1508511721705684900_stereo_right_camera_8.png	1972187380	672	514	373
facedb/1972187380/1508511721908184051_stereo_right_camera_9.png	1972187380	672	514	373
