facedb/224640112/1495668705826371908_stereo_left_camera_0.png	224640112	489	372	269
facedb/224640112/1495668706022855997_stereo_left_camera_1.png	224640112	489	372	269
facedb/224640112/1495668706448084115_stereo_left_camera_2.png	224640112	489	372	269
facedb/224640112/1495668707015862941_stereo_left_camera_3.png	224640112	489	372	269
facedb/224640112/1495668707215811014_stereo_left_camera_4.png	224640112	489	372	269
facedb/224640112/1495668707418155908_stereo_left_camera_5.png	224640112	489	372	269
facedb/224640112/1495668707601000070_stereo_left_camera_6.png	224640112	489	372	269
facedb/224640112/1495668708192756891_stereo_left_camera_7.png	224640112	489	372	269
facedb/224640112/1495668708397088050_stereo_left_camera_8.png	224640112	489	372	269
facedb/224640112/1495668708620652914_stereo_left_camera_9.png	224640112	489	372	269
