facedb/682252718/1491081716156781911_stereo_right_camera_0.png	682252718	511	292	159
facedb/682252718/1491081716272794961_stereo_right_camera_1.png	682252718	511	292	159
facedb/682252718/1491081716602814912_stereo_right_camera_2.png	682252718	511	292	159
facedb/682252718/1491081717125005960_stereo_right_camera_3.png	682252718	511	292	159
facedb/682252718/1491081717218190908_stereo_right_camera_4.png	682252718	511	292	159
facedb/682252718/1491081717426696062_stereo_right_camera_5.png	682252718	511	292	159
facedb/682252718/1491081717535052061_stereo_right_camera_6.png	682252718	511	292	159
facedb/682252718/1491081718023442983_stereo_right_camera_7.png	682252718	511	292	159
facedb/682252718/1491081718705665111_stereo_right_camera_8.png	682252718	511	292	159
facedb/682252718/1491081718971484899_stereo_right_camera_9.png	682252718	511	292	159
