facedb/1968222172/1491073747424140930_stereo_right_camera_0.png	1968222172	463	237	140
facedb/1968222172/1491073747496531963_stereo_right_camera_1.png	1968222172	463	237	140
facedb/1968222172/1491073747650295972_stereo_right_camera_2.png	1968222172	463	237	140
facedb/1968222172/1491073748632945060_stereo_right_camera_3.png	1968222172	463	237	140
facedb/1968222172/1491073749344078063_stereo_right_camera_4.png	1968222172	463	237	140
facedb/1968222172/1491073749537935018_stereo_right_camera_5.png	1968222172	463	237	140
facedb/1968222172/1491073749746833086_stereo_right_camera_6.png	1968222172	463	237	140
facedb/1968222172/1491073749839148044_stereo_right_camera_7.png	1968222172	463	237	140
facedb/1968222172/1491073749929563045_stereo_right_camera_8.png	1968222172	463	237	140
facedb/1968222172/1491073750112339973_stereo_right_camera_9.png	1968222172	463	237	140
