facedb/1176915387/1490233115836103916_stereo_right_camera_0.png	1176915387	458	219	83
facedb/1176915387/1490233115944189071_stereo_right_camera_1.png	1176915387	458	219	83
facedb/1176915387/1490233116038239002_stereo_right_camera_2.png	1176915387	458	219	83
facedb/1176915387/1490233116139780044_stereo_right_camera_3.png	1176915387	458	219	83
facedb/1176915387/1490233116249800920_stereo_right_camera_4.png	1176915387	458	219	83
facedb/1176915387/1490233116364243030_stereo_right_camera_5.png	1176915387	458	219	83
facedb/1176915387/1490233116592530965_stereo_right_camera_6.png	1176915387	458	219	83
facedb/1176915387/1490233116697464942_stereo_right_camera_7.png	1176915387	458	219	83
facedb/1176915387/1490233116795511960_stereo_right_camera_8.png	1176915387	458	219	83
facedb/1176915387/1490233116899092912_stereo_right_camera_9.png	1176915387	458	219	83
