facedb/1878027762/1498232203700397968_stereo_right_camera_0.png	1878027762	396	201	135
facedb/1878027762/1498232203908049106_stereo_right_camera_1.png	1878027762	396	201	135
facedb/1878027762/1498232204095231056_stereo_right_camera_2.png	1878027762	396	201	135
facedb/1878027762/1498232204156066894_stereo_right_camera_3.png	1878027762	396	201	135
facedb/1878027762/1498232204580348014_stereo_right_camera_4.png	1878027762	396	201	135
facedb/1878027762/1498232204668554067_stereo_right_camera_5.png	1878027762	396	201	135
facedb/1878027762/1498232204986989021_stereo_right_camera_6.png	1878027762	396	201	135
facedb/1878027762/1498232205162998914_stereo_right_camera_7.png	1878027762	396	201	135
facedb/1878027762/1498232205388331890_stereo_right_camera_8.png	1878027762	396	201	135
facedb/1878027762/1498232205678502082_stereo_right_camera_9.png	1878027762	396	201	135
