facedb/770486009/1491086154228091955_stereo_right_camera_0.png	770486009	642	279	153
facedb/770486009/1491086154342303037_stereo_right_camera_1.png	770486009	642	279	153
facedb/770486009/1491086154701986074_stereo_right_camera_2.png	770486009	642	279	153
facedb/770486009/1491086155463152885_stereo_right_camera_3.png	770486009	642	279	153
facedb/770486009/1491086155723248004_stereo_right_camera_4.png	770486009	642	279	153
facedb/770486009/1491086156113569021_stereo_right_camera_5.png	770486009	642	279	153
facedb/770486009/1491086156344674110_stereo_right_camera_6.png	770486009	642	279	153
facedb/770486009/1491086156566737890_stereo_right_camera_7.png	770486009	642	279	153
facedb/770486009/1491086156675208091_stereo_right_camera_8.png	770486009	642	279	153
facedb/770486009/1491086156941338062_stereo_right_camera_9.png	770486009	642	279	153
