facedb/1509039756/1490470316239403963_stereo_right_camera_0.png	1509039756	660	369	170
facedb/1509039756/1490470316376117944_stereo_right_camera_1.png	1509039756	660	369	170
facedb/1509039756/1490470316514187097_stereo_right_camera_2.png	1509039756	660	369	170
facedb/1509039756/1490470316622411966_stereo_right_camera_3.png	1509039756	660	369	170
facedb/1509039756/1490470316745634078_stereo_right_camera_4.png	1509039756	660	369	170
facedb/1509039756/1490470317724524021_stereo_right_camera_5.png	1509039756	660	369	170
facedb/1509039756/1490470317957001924_stereo_right_camera_6.png	1509039756	660	369	170
facedb/1509039756/1490470318317230939_stereo_right_camera_7.png	1509039756	660	369	170
facedb/1509039756/1490470318568164110_stereo_right_camera_8.png	1509039756	660	369	170
facedb/1509039756/1490470318836124897_stereo_right_camera_9.png	1509039756	660	369	170
