facedb/1922253850/1491149906312589883_stereo_right_camera_0.png	1922253850	453	318	205
facedb/1922253850/1491149906481528043_stereo_right_camera_1.png	1922253850	453	318	205
facedb/1922253850/1491149906692347049_stereo_right_camera_2.png	1922253850	453	318	205
facedb/1922253850/1491149906880956888_stereo_right_camera_3.png	1922253850	453	318	205
facedb/1922253850/1491149906996896028_stereo_right_camera_4.png	1922253850	453	318	205
facedb/1922253850/1491149907087495088_stereo_right_camera_5.png	1922253850	453	318	205
facedb/1922253850/1491149907265311956_stereo_right_camera_6.png	1922253850	453	318	205
facedb/1922253850/1491149907432640075_stereo_right_camera_7.png	1922253850	453	318	205
facedb/1922253850/1491149907601839065_stereo_right_camera_8.png	1922253850	453	318	205
facedb/1922253850/1491149907789680004_stereo_right_camera_9.png	1922253850	453	318	205
