facedb/657190802/1491062154771507024_stereo_right_camera_0.png	657190802	541	316	184
facedb/657190802/1491062155017147064_stereo_right_camera_1.png	657190802	541	316	184
facedb/657190802/1491062155154674053_stereo_right_camera_2.png	657190802	541	316	184
facedb/657190802/1491062155250329971_stereo_right_camera_3.png	657190802	541	316	184
facedb/657190802/1491062155514122009_stereo_right_camera_4.png	657190802	541	316	184
facedb/657190802/1491062155629987001_stereo_right_camera_5.png	657190802	541	316	184
facedb/657190802/1491062155950177907_stereo_right_camera_6.png	657190802	541	316	184
facedb/657190802/1491062156196609020_stereo_right_camera_7.png	657190802	541	316	184
facedb/657190802/1491062156438370943_stereo_right_camera_8.png	657190802	541	316	184
facedb/657190802/1491062156710114002_stereo_right_camera_9.png	657190802	541	316	184
