facedb/654842690/1508512773512393951_stereo_right_camera_0.png	654842690	599	302	163
facedb/654842690/1508512774098939895_stereo_right_camera_1.png	654842690	599	302	163
facedb/654842690/1508512774322741985_stereo_right_camera_2.png	654842690	599	302	163
facedb/654842690/1508512774769392013_stereo_right_camera_3.png	654842690	599	302	163
facedb/654842690/1508512774996987104_stereo_right_camera_4.png	654842690	599	302	163
facedb/654842690/1508512775261779069_stereo_right_camera_5.png	654842690	599	302	163
facedb/654842690/1508512775370897054_stereo_right_camera_6.png	654842690	599	302	163
facedb/654842690/1508512775719481945_stereo_right_camera_7.png	654842690	599	302	163
facedb/654842690/1508512776037451028_stereo_right_camera_8.png	654842690	599	302	163
facedb/654842690/1508512776225552082_stereo_right_camera_9.png	654842690	599	302	163
