facedb/1577189250/1490464556569562911_stereo_right_camera_0.png	1577189250	684	387	205
facedb/1577189250/1490464556713181018_stereo_right_camera_1.png	1577189250	684	387	205
facedb/1577189250/1490464556800574064_stereo_right_camera_2.png	1577189250	684	387	205
facedb/1577189250/1490464556920341968_stereo_right_camera_3.png	1577189250	684	387	205
facedb/1577189250/1490464557037873983_stereo_right_camera_4.png	1577189250	684	387	205
facedb/1577189250/1490464557121789932_stereo_right_camera_5.png	1577189250	684	387	205
facedb/1577189250/1490464557207534074_stereo_right_camera_6.png	1577189250	684	387	205
facedb/1577189250/1490464557306611061_stereo_right_camera_7.png	1577189250	684	387	205
facedb/1577189250/1490464557397079944_stereo_right_camera_8.png	1577189250	684	387	205
facedb/1577189250/1490464557491718053_stereo_right_camera_9.png	1577189250	684	387	205
