facedb/1941218996/1491062867357230901_stereo_right_camera_0.png	1941218996	487	283	150
facedb/1941218996/1491062867521379947_stereo_right_camera_1.png	1941218996	487	283	150
facedb/1941218996/1491062867810264110_stereo_right_camera_2.png	1941218996	487	283	150
facedb/1941218996/1491062867901958942_stereo_right_camera_3.png	1941218996	487	283	150
facedb/1941218996/1491062868102452993_stereo_right_camera_4.png	1941218996	487	283	150
facedb/1941218996/1491062868213840007_stereo_right_camera_5.png	1941218996	487	283	150
facedb/1941218996/1491062868352528095_stereo_right_camera_6.png	1941218996	487	283	150
facedb/1941218996/1491062868450746059_stereo_right_camera_7.png	1941218996	487	283	150
facedb/1941218996/1491062868646375894_stereo_right_camera_8.png	1941218996	487	283	150
facedb/1941218996/1491062868764858961_stereo_right_camera_9.png	1941218996	487	283	150
