facedb/159910932/1490232956673962116_stereo_right_camera_0.png	159910932	370	227	76
facedb/159910932/1490232956797739982_stereo_right_camera_1.png	159910932	370	227	76
facedb/159910932/1490232956987241983_stereo_right_camera_2.png	159910932	370	227	76
facedb/159910932/1490232957127727031_stereo_right_camera_3.png	159910932	370	227	76
facedb/159910932/1490232957235137939_stereo_right_camera_4.png	159910932	370	227	76
facedb/159910932/1490232957358854055_stereo_right_camera_5.png	159910932	370	227	76
facedb/159910932/1490232957476490020_stereo_right_camera_6.png	159910932	370	227	76
facedb/159910932/1490232957594995021_stereo_right_camera_7.png	159910932	370	227	76
facedb/159910932/1490232957957247972_stereo_right_camera_8.png	159910932	370	227	76
facedb/159910932/1490232958727130889_stereo_right_camera_9.png	159910932	370	227	76
