facedb/1256239800/1523817252534106969_stereo_right_camera_0.png	1256239800	432	261	132
facedb/1256239800/1523817252786257982_stereo_right_camera_1.png	1256239800	432	261	132
facedb/1256239800/1523817253610773086_stereo_right_camera_2.png	1256239800	432	261	132
facedb/1256239800/1523817253994159936_stereo_right_camera_3.png	1256239800	432	261	132
facedb/1256239800/1523817254252311944_stereo_right_camera_4.png	1256239800	432	261	132
facedb/1256239800/1523817254483433008_stereo_right_camera_5.png	1256239800	432	261	132
facedb/1256239800/1523817254703299045_stereo_right_camera_6.png	1256239800	432	261	132
facedb/1256239800/1523817255171379089_stereo_right_camera_7.png	1256239800	432	261	132
facedb/1256239800/1523817255384517908_stereo_right_camera_8.png	1256239800	432	261	132
facedb/1256239800/1523817255668277978_stereo_right_camera_9.png	1256239800	432	261	132
