facedb/1750405481/1490231771315540075_stereo_left_camera_0.png	1750405481	526	293	172
facedb/1750405481/1490231771411987066_stereo_left_camera_1.png	1750405481	526	293	172
facedb/1750405481/1490231771639445066_stereo_left_camera_2.png	1750405481	526	293	172
facedb/1750405481/1490231771811430931_stereo_left_camera_3.png	1750405481	526	293	172
facedb/1750405481/1490231772001600980_stereo_left_camera_4.png	1750405481	526	293	172
facedb/1750405481/1490231772402396917_stereo_left_camera_5.png	1750405481	526	293	172
facedb/1750405481/1490231772560612916_stereo_left_camera_6.png	1750405481	526	293	172
facedb/1750405481/1490231772644542932_stereo_left_camera_7.png	1750405481	526	293	172
facedb/1750405481/1490231772750366926_stereo_left_camera_8.png	1750405481	526	293	172
facedb/1750405481/1490231772928374052_stereo_left_camera_9.png	1750405481	526	293	172
