facedb/96969263/1490469698826606035_stereo_right_camera_0.png	96969263	566	378	240
facedb/96969263/1490469699124187946_stereo_right_camera_1.png	96969263	566	378	240
facedb/96969263/1490469699678550004_stereo_right_camera_2.png	96969263	566	378	240
facedb/96969263/1490469699965286016_stereo_right_camera_3.png	96969263	566	378	240
facedb/96969263/1490469700228634119_stereo_right_camera_4.png	96969263	566	378	240
facedb/96969263/1490469700492121934_stereo_right_camera_5.png	96969263	566	378	240
facedb/96969263/1490469701125070095_stereo_right_camera_6.png	96969263	566	378	240
facedb/96969263/1490469701366344928_stereo_right_camera_7.png	96969263	566	378	240
facedb/96969263/1490469701536644935_stereo_right_camera_8.png	96969263	566	378	240
facedb/96969263/1490469701779531955_stereo_right_camera_9.png	96969263	566	378	240
