facedb/144512809/1495669168151813030_stereo_left_camera_0.png	144512809	537	398	302
facedb/144512809/1495669168362212896_stereo_left_camera_1.png	144512809	537	398	302
facedb/144512809/1495669168555332899_stereo_left_camera_2.png	144512809	537	398	302
facedb/144512809/1495669168763659000_stereo_left_camera_3.png	144512809	537	398	302
facedb/144512809/1495669168968058109_stereo_left_camera_4.png	144512809	537	398	302
facedb/144512809/1495669169083934068_stereo_left_camera_5.png	144512809	537	398	302
facedb/144512809/1495669169306550979_stereo_left_camera_6.png	144512809	537	398	302
facedb/144512809/1495669169390296936_stereo_left_camera_7.png	144512809	537	398	302
facedb/144512809/1495669169631603956_stereo_left_camera_8.png	144512809	537	398	302
facedb/144512809/1495669169860515117_stereo_left_camera_9.png	144512809	537	398	302
