facedb/1115020361/1523812923994580030_stereo_right_camera_0.png	1115020361	490	318	179
facedb/1115020361/1523812924224699974_stereo_right_camera_1.png	1115020361	490	318	179
facedb/1115020361/1523812924434428930_stereo_right_camera_2.png	1115020361	490	318	179
facedb/1115020361/1523812924665492057_stereo_right_camera_3.png	1115020361	490	318	179
facedb/1115020361/1523812925028568983_stereo_right_camera_4.png	1115020361	490	318	179
facedb/1115020361/1523812925263365030_stereo_right_camera_5.png	1115020361	490	318	179
facedb/1115020361/1523812925574275016_stereo_right_camera_6.png	1115020361	490	318	179
facedb/1115020361/1523812925692682981_stereo_right_camera_7.png	1115020361	490	318	179
facedb/1115020361/1523812926024108886_stereo_right_camera_8.png	1115020361	490	318	179
facedb/1115020361/1523812926129311084_stereo_right_camera_9.png	1115020361	490	318	179
