facedb/181397101/1521914800197479009_stereo_right_camera_0.png	181397101	576	316	206
facedb/181397101/1521914800422550916_stereo_right_camera_1.png	181397101	576	316	206
facedb/181397101/1521914800660669088_stereo_right_camera_2.png	181397101	576	316	206
facedb/181397101/1521914801284399986_stereo_right_camera_3.png	181397101	576	316	206
facedb/181397101/1521914801503746986_stereo_right_camera_4.png	181397101	576	316	206
facedb/181397101/1521914801844458103_stereo_right_camera_5.png	181397101	576	316	206
facedb/181397101/1521914802227159976_stereo_right_camera_6.png	181397101	576	316	206
facedb/181397101/1521914802505501031_stereo_right_camera_7.png	181397101	576	316	206
facedb/181397101/1521914802903261899_stereo_right_camera_8.png	181397101	576	316	206
facedb/181397101/1521914803152262926_stereo_right_camera_9.png	181397101	576	316	206
