facedb/391368323/1490234530230465888_stereo_right_camera_0.png	391368323	654	425	258
facedb/391368323/1490234530323124885_stereo_right_camera_1.png	391368323	654	425	258
facedb/391368323/1490234530436260938_stereo_right_camera_2.png	391368323	654	425	258
facedb/391368323/1490234530575449943_stereo_right_camera_3.png	391368323	654	425	258
facedb/391368323/1490234530674592018_stereo_right_camera_4.png	391368323	654	425	258
facedb/391368323/1490234530752974987_stereo_right_camera_5.png	391368323	654	425	258
facedb/391368323/1490234530833498954_stereo_right_camera_6.png	391368323	654	425	258
facedb/391368323/1490234530937175035_stereo_right_camera_7.png	391368323	654	425	258
facedb/391368323/1490234531022687911_stereo_right_camera_8.png	391368323	654	425	258
facedb/391368323/1490234531132396936_stereo_right_camera_9.png	391368323	654	425	258
