facedb/1443766698/1491149710714965105_stereo_right_camera_0.png	1443766698	599	319	139
facedb/1443766698/1491149710889693021_stereo_right_camera_1.png	1443766698	599	319	139
facedb/1443766698/1491149711158345937_stereo_right_camera_2.png	1443766698	599	319	139
facedb/1443766698/1491149711307476997_stereo_right_camera_3.png	1443766698	599	319	139
facedb/1443766698/1491149711376573085_stereo_right_camera_4.png	1443766698	599	319	139
facedb/1443766698/1491149711616014003_stereo_right_camera_5.png	1443766698	599	319	139
facedb/1443766698/1491149711690505981_stereo_right_camera_6.png	1443766698	599	319	139
facedb/1443766698/1491149711868254899_stereo_right_camera_7.png	1443766698	599	319	139
facedb/1443766698/1491149712081340074_stereo_right_camera_8.png	1443766698	599	319	139
facedb/1443766698/1491149712219048976_stereo_right_camera_9.png	1443766698	599	319	139
