facedb/587272646/1497729302761730909_stereo_right_camera_0.png	587272646	483	220	61
facedb/587272646/1497729303073903083_stereo_right_camera_1.png	587272646	483	220	61
facedb/587272646/1497729303609438896_stereo_right_camera_2.png	587272646	483	220	61
facedb/587272646/1497729303701706886_stereo_right_camera_3.png	587272646	483	220	61
facedb/587272646/1497729303996417045_stereo_right_camera_4.png	587272646	483	220	61
facedb/587272646/1497729304222260951_stereo_right_camera_5.png	587272646	483	220	61
facedb/587272646/1497729304720041036_stereo_right_camera_6.png	587272646	483	220	61
facedb/587272646/1497729305417005062_stereo_right_camera_7.png	587272646	483	220	61
facedb/587272646/1497729305518534898_stereo_right_camera_8.png	587272646	483	220	61
facedb/587272646/1497729305917967081_stereo_right_camera_9.png	587272646	483	220	61
