facedb/920553894/1523812477963692903_stereo_right_camera_0.png	920553894	653	488	297
facedb/920553894/1523812478110039949_stereo_right_camera_1.png	920553894	653	488	297
facedb/920553894/1523812478381117105_stereo_right_camera_2.png	920553894	653	488	297
facedb/920553894/1523812478647285938_stereo_right_camera_3.png	920553894	653	488	297
facedb/920553894/1523812478931206941_stereo_right_camera_4.png	920553894	653	488	297
facedb/920553894/1523812479221919059_stereo_right_camera_5.png	920553894	653	488	297
facedb/920553894/1523812479585720062_stereo_right_camera_6.png	920553894	653	488	297
facedb/920553894/1523812479828830957_stereo_right_camera_7.png	920553894	653	488	297
facedb/920553894/1523812480080826997_stereo_right_camera_8.png	920553894	653	488	297
facedb/920553894/1523812480348398923_stereo_right_camera_9.png	920553894	653	488	297
