facedb/1967282232/1490829804167752981_stereo_left_camera_0.png	1967282232	577	343	187
facedb/1967282232/1490829804617885112_stereo_left_camera_1.png	1967282232	577	343	187
facedb/1967282232/1490829804776120901_stereo_left_camera_2.png	1967282232	577	343	187
facedb/1967282232/1490829804853482961_stereo_left_camera_3.png	1967282232	577	343	187
facedb/1967282232/1490829804934477090_stereo_left_camera_4.png	1967282232	577	343	187
facedb/1967282232/1490829805041438102_stereo_left_camera_5.png	1967282232	577	343	187
facedb/1967282232/1490829805165368080_stereo_left_camera_6.png	1967282232	577	343	187
facedb/1967282232/1490829805240669965_stereo_left_camera_7.png	1967282232	577	343	187
facedb/1967282232/1490829805348012924_stereo_left_camera_8.png	1967282232	577	343	187
facedb/1967282232/1490829805554657936_stereo_left_camera_9.png	1967282232	577	343	187
