facedb/925904623/1490464940326153993_stereo_right_camera_0.png	925904623	572	378	224
facedb/925904623/1490464940457037925_stereo_right_camera_1.png	925904623	572	378	224
facedb/925904623/1490464940556631088_stereo_right_camera_2.png	925904623	572	378	224
facedb/925904623/1490464941171854019_stereo_right_camera_3.png	925904623	572	378	224
facedb/925904623/1490464941354481935_stereo_right_camera_4.png	925904623	572	378	224
facedb/925904623/1490464941530782938_stereo_right_camera_5.png	925904623	572	378	224
facedb/925904623/1490464941719505071_stereo_right_camera_6.png	925904623	572	378	224
facedb/925904623/1490464941888777971_stereo_right_camera_7.png	925904623	572	378	224
facedb/925904623/1490464942077471017_stereo_right_camera_8.png	925904623	572	378	224
facedb/925904623/1490464942215517997_stereo_right_camera_9.png	925904623	572	378	224
