facedb/151090150/1495668086179522037_stereo_right_camera_0.png	151090150	390	283	223
facedb/151090150/1495668086366552114_stereo_right_camera_1.png	151090150	390	283	223
facedb/151090150/1495668086444137096_stereo_right_camera_2.png	151090150	390	283	223
facedb/151090150/1495668086716618061_stereo_right_camera_3.png	151090150	390	283	223
facedb/151090150/1495668087070280075_stereo_right_camera_4.png	151090150	390	283	223
facedb/151090150/1495668087310754060_stereo_right_camera_5.png	151090150	390	283	223
facedb/151090150/1495668088082760095_stereo_right_camera_6.png	151090150	390	283	223
facedb/151090150/1495668088428307056_stereo_right_camera_7.png	151090150	390	283	223
facedb/151090150/1495668088693051099_stereo_right_camera_8.png	151090150	390	283	223
facedb/151090150/1495668089030133962_stereo_right_camera_9.png	151090150	390	283	223
