facedb/1605785555/1495064409521558046_stereo_right_camera_0.png	1605785555	585	352	214
facedb/1605785555/1495064409948800086_stereo_right_camera_1.png	1605785555	585	352	214
facedb/1605785555/1495064410123420000_stereo_right_camera_2.png	1605785555	585	352	214
facedb/1605785555/1495064410420824050_stereo_right_camera_3.png	1605785555	585	352	214
facedb/1605785555/1495064411225747108_stereo_right_camera_4.png	1605785555	585	352	214
facedb/1605785555/1495064411712666988_stereo_right_camera_5.png	1605785555	585	352	214
facedb/1605785555/1495064411845112085_stereo_right_camera_6.png	1605785555	585	352	214
facedb/1605785555/1495064412042501926_stereo_right_camera_7.png	1605785555	585	352	214
facedb/1605785555/1495064412215643882_stereo_right_camera_8.png	1605785555	585	352	214
facedb/1605785555/1495064412422343969_stereo_right_camera_9.png	1605785555	585	352	214
