facedb/1400427194/1497719777532902956_stereo_left_camera_0.png	1400427194	557	282	167
facedb/1400427194/1497719778003487110_stereo_left_camera_1.png	1400427194	557	282	167
facedb/1400427194/1497719778155881881_stereo_left_camera_2.png	1400427194	557	282	167
facedb/1400427194/1497719778260111093_stereo_left_camera_3.png	1400427194	557	282	167
facedb/1400427194/1497719778611522912_stereo_left_camera_4.png	1400427194	557	282	167
facedb/1400427194/1497719778787343978_stereo_left_camera_5.png	1400427194	557	282	167
facedb/1400427194/1497719779007149934_stereo_left_camera_6.png	1400427194	557	282	167
facedb/1400427194/1497719779202586889_stereo_left_camera_7.png	1400427194	557	282	167
facedb/1400427194/1497719779885946035_stereo_left_camera_8.png	1400427194	557	282	167
facedb/1400427194/1497719780195074081_stereo_left_camera_9.png	1400427194	557	282	167
