facedb/1011954645/1491146059119725942_stereo_right_camera_0.png	1011954645	421	179	92
facedb/1011954645/1491146059338566064_stereo_right_camera_1.png	1011954645	421	179	92
facedb/1011954645/1491146059410995006_stereo_right_camera_2.png	1011954645	421	179	92
facedb/1011954645/1491146059602931976_stereo_right_camera_3.png	1011954645	421	179	92
facedb/1011954645/1491146059783955097_stereo_right_camera_4.png	1011954645	421	179	92
facedb/1011954645/1491146059945440053_stereo_right_camera_5.png	1011954645	421	179	92
facedb/1011954645/1491146060087136030_stereo_right_camera_6.png	1011954645	421	179	92
facedb/1011954645/1491146060257744073_stereo_right_camera_7.png	1011954645	421	179	92
facedb/1011954645/1491146060416549921_stereo_right_camera_8.png	1011954645	421	179	92
facedb/1011954645/1491146060480892896_stereo_right_camera_9.png	1011954645	421	179	92
