facedb/1660269131/1508604611810646057_stereo_right_camera_0.png	1660269131	900	244	107
facedb/1660269131/1508604612186496973_stereo_right_camera_1.png	1660269131	900	244	107
facedb/1660269131/1508604612425282955_stereo_right_camera_2.png	1660269131	900	244	107
facedb/1660269131/1508604612772080898_stereo_right_camera_3.png	1660269131	900	244	107
facedb/1660269131/1508604613125732898_stereo_right_camera_4.png	1660269131	900	244	107
facedb/1660269131/1508604613125895023_stereo_right_camera_5.png	1660269131	900	244	107
facedb/1660269131/1508604613614001035_stereo_right_camera_6.png	1660269131	900	244	107
facedb/1660269131/1508604613973192930_stereo_right_camera_7.png	1660269131	900	244	107
facedb/1660269131/1508604614346739053_stereo_right_camera_8.png	1660269131	900	244	107
facedb/1660269131/1508604614620068073_stereo_right_camera_9.png	1660269131	900	244	107
