facedb/1067243983/1490231126478326082_stereo_left_camera_0.png	1067243983	455	176	85
facedb/1067243983/1490231126556195974_stereo_left_camera_1.png	1067243983	455	176	85
facedb/1067243983/1490231126641984939_stereo_left_camera_2.png	1067243983	455	176	85
facedb/1067243983/1490231127001045942_stereo_left_camera_3.png	1067243983	455	176	85
facedb/1067243983/1490231127233000993_stereo_left_camera_4.png	1067243983	455	176	85
facedb/1067243983/1490231127381103992_stereo_left_camera_5.png	1067243983	455	176	85
facedb/1067243983/1490231127581875085_stereo_left_camera_6.png	1067243983	455	176	85
facedb/1067243983/1490231127662888050_stereo_left_camera_7.png	1067243983	455	176	85
facedb/1067243983/1490231127832082986_stereo_left_camera_8.png	1067243983	455	176	85
facedb/1067243983/1490231128348227024_stereo_left_camera_9.png	1067243983	455	176	85
