facedb/1535853294/1523813927119184970_stereo_right_camera_0.png	1535853294	574	324	178
facedb/1535853294/1523813927937129974_stereo_right_camera_1.png	1535853294	574	324	178
facedb/1535853294/1523813928381937026_stereo_right_camera_2.png	1535853294	574	324	178
facedb/1535853294/1523813928807542085_stereo_right_camera_3.png	1535853294	574	324	178
facedb/1535853294/1523813929232954978_stereo_right_camera_4.png	1535853294	574	324	178
facedb/1535853294/1523813929445116043_stereo_right_camera_5.png	1535853294	574	324	178
facedb/1535853294/1523813929910510063_stereo_right_camera_6.png	1535853294	574	324	178
facedb/1535853294/1523813930226157903_stereo_right_camera_7.png	1535853294	574	324	178
facedb/1535853294/1523813930573950052_stereo_right_camera_8.png	1535853294	574	324	178
facedb/1535853294/1523813930851993083_stereo_right_camera_9.png	1535853294	574	324	178
