facedb/1376719665/1495667691724720954_stereo_right_camera_0.png	1376719665	406	148	57
facedb/1376719665/1495667692023112058_stereo_right_camera_1.png	1376719665	406	148	57
facedb/1376719665/1495667692424371957_stereo_right_camera_2.png	1376719665	406	148	57
facedb/1376719665/1495667692593183994_stereo_right_camera_3.png	1376719665	406	148	57
facedb/1376719665/1495667692963306903_stereo_right_camera_4.png	1376719665	406	148	57
facedb/1376719665/1495667693260270118_stereo_right_camera_5.png	1376719665	406	148	57
facedb/1376719665/1495667693735816001_stereo_right_camera_6.png	1376719665	406	148	57
facedb/1376719665/1495667693915038108_stereo_right_camera_7.png	1376719665	406	148	57
facedb/1376719665/1495667694093663930_stereo_right_camera_8.png	1376719665	406	148	57
facedb/1376719665/1495667694248858928_stereo_right_camera_9.png	1376719665	406	148	57
