facedb/1346646832/1490468555557802915_stereo_right_camera_0.png	1346646832	604	463	332
facedb/1346646832/1490468555675272941_stereo_right_camera_1.png	1346646832	604	463	332
facedb/1346646832/1490468555796230077_stereo_right_camera_2.png	1346646832	604	463	332
facedb/1346646832/1490468556013322114_stereo_right_camera_3.png	1346646832	604	463	332
facedb/1346646832/1490468556497538089_stereo_right_camera_4.png	1346646832	604	463	332
facedb/1346646832/1490468556597449064_stereo_right_camera_5.png	1346646832	604	463	332
facedb/1346646832/1490468556720421075_stereo_right_camera_6.png	1346646832	604	463	332
facedb/1346646832/1490468556816540956_stereo_right_camera_7.png	1346646832	604	463	332
facedb/1346646832/1490468557148869037_stereo_right_camera_8.png	1346646832	604	463	332
facedb/1346646832/1490468557377434968_stereo_right_camera_9.png	1346646832	604	463	332
