facedb/244195525/1491150709207515001_stereo_right_camera_0.png	244195525	608	302	131
facedb/244195525/1491150709513163089_stereo_right_camera_1.png	244195525	608	302	131
facedb/244195525/1491150709849860906_stereo_right_camera_2.png	244195525	608	302	131
facedb/244195525/1491150709921199083_stereo_right_camera_3.png	244195525	608	302	131
facedb/244195525/1491150710187469005_stereo_right_camera_4.png	244195525	608	302	131
facedb/244195525/1491150710348097085_stereo_right_camera_5.png	244195525	608	302	131
facedb/244195525/1491150710548165082_stereo_right_camera_6.png	244195525	608	302	131
facedb/244195525/1491150710642044067_stereo_right_camera_7.png	244195525	608	302	131
facedb/244195525/1491150711164120912_stereo_right_camera_8.png	244195525	608	302	131
facedb/244195525/1491150711341171979_stereo_right_camera_9.png	244195525	608	302	131
