facedb/1058450404/1491073194796370983_stereo_right_camera_0.png	1058450404	462	273	159
facedb/1058450404/1491073194866063117_stereo_right_camera_1.png	1058450404	462	273	159
facedb/1058450404/1491073195189229965_stereo_right_camera_2.png	1058450404	462	273	159
facedb/1058450404/1491073195317622900_stereo_right_camera_3.png	1058450404	462	273	159
facedb/1058450404/1491073195408528089_stereo_right_camera_4.png	1058450404	462	273	159
facedb/1058450404/1491073195517205953_stereo_right_camera_5.png	1058450404	462	273	159
facedb/1058450404/1491073195696266889_stereo_right_camera_6.png	1058450404	462	273	159
facedb/1058450404/1491073195794646024_stereo_right_camera_7.png	1058450404	462	273	159
facedb/1058450404/1491073196002926111_stereo_right_camera_8.png	1058450404	462	273	159
facedb/1058450404/1491073196183549880_stereo_right_camera_9.png	1058450404	462	273	159
