facedb/1129099396/1497729293333609104_stereo_right_camera_0.png	1129099396	614	372	206
facedb/1129099396/1497729293662435054_stereo_right_camera_1.png	1129099396	614	372	206
facedb/1129099396/1497729293927503108_stereo_right_camera_2.png	1129099396	614	372	206
facedb/1129099396/1497729294164526939_stereo_right_camera_3.png	1129099396	614	372	206
facedb/1129099396/1497729294303073883_stereo_right_camera_4.png	1129099396	614	372	206
facedb/1129099396/1497729294573606014_stereo_right_camera_5.png	1129099396	614	372	206
facedb/1129099396/1497729294830522060_stereo_right_camera_6.png	1129099396	614	372	206
facedb/1129099396/1497729295375369071_stereo_right_camera_7.png	1129099396	614	372	206
facedb/1129099396/1497729295629754066_stereo_right_camera_8.png	1129099396	614	372	206
facedb/1129099396/1497729296041059017_stereo_right_camera_9.png	1129099396	614	372	206
