facedb/43682730/1490232946264846086_stereo_right_camera_0.png	43682730	585	252	125
facedb/43682730/1490232946545716047_stereo_right_camera_1.png	43682730	585	252	125
facedb/43682730/1490232947438062906_stereo_right_camera_2.png	43682730	585	252	125
facedb/43682730/1490232947589202880_stereo_right_camera_3.png	43682730	585	252	125
facedb/43682730/1490232947696290969_stereo_right_camera_4.png	43682730	585	252	125
facedb/43682730/1490232947757220029_stereo_right_camera_5.png	43682730	585	252	125
facedb/43682730/1490232948016962051_stereo_right_camera_6.png	43682730	585	252	125
facedb/43682730/1490232948093123912_stereo_right_camera_7.png	43682730	585	252	125
facedb/43682730/1490232948176733016_stereo_right_camera_8.png	43682730	585	252	125
facedb/43682730/1490232948255445957_stereo_right_camera_9.png	43682730	585	252	125
