facedb/71864543/1501791873722810983_stereo_right_camera_0.png	71864543	447	310	230
facedb/71864543/1501791873929852962_stereo_right_camera_1.png	71864543	447	310	230
facedb/71864543/1501791874235904932_stereo_right_camera_2.png	71864543	447	310	230
facedb/71864543/1501791874350337028_stereo_right_camera_3.png	71864543	447	310	230
facedb/71864543/1501791874736674070_stereo_right_camera_4.png	71864543	447	310	230
facedb/71864543/1501791875187483072_stereo_right_camera_5.png	71864543	447	310	230
facedb/71864543/1501791875444399118_stereo_right_camera_6.png	71864543	447	310	230
facedb/71864543/1501791876285969972_stereo_right_camera_7.png	71864543	447	310	230
facedb/71864543/1501791876555587053_stereo_right_camera_8.png	71864543	447	310	230
facedb/71864543/1501791876762959003_stereo_right_camera_9.png	71864543	447	310	230
