facedb/1705027289/1490467715822238922_stereo_left_camera_0.png	1705027289	479	333	222
facedb/1705027289/1490467716218449115_stereo_left_camera_1.png	1705027289	479	333	222
facedb/1705027289/1490467716463917016_stereo_left_camera_2.png	1705027289	479	333	222
facedb/1705027289/1490467716561180114_stereo_left_camera_3.png	1705027289	479	333	222
facedb/1705027289/1490467716666667938_stereo_left_camera_4.png	1705027289	479	333	222
facedb/1705027289/1490467716792274951_stereo_left_camera_5.png	1705027289	479	333	222
facedb/1705027289/1490467716902441978_stereo_left_camera_6.png	1705027289	479	333	222
facedb/1705027289/1490467717001667976_stereo_left_camera_7.png	1705027289	479	333	222
facedb/1705027289/1490467717731802940_stereo_left_camera_8.png	1705027289	479	333	222
facedb/1705027289/1490467718076513051_stereo_left_camera_9.png	1705027289	479	333	222
