facedb/509155866/1521907940513714075_stereo_right_camera_0.png	509155866	373	208	113
facedb/509155866/1521907940888586044_stereo_right_camera_1.png	509155866	373	208	113
facedb/509155866/1521907941166239023_stereo_right_camera_2.png	509155866	373	208	113
facedb/509155866/1521907941556853055_stereo_right_camera_3.png	509155866	373	208	113
facedb/509155866/1521907941896471977_stereo_right_camera_4.png	509155866	373	208	113
facedb/509155866/1521907941978782892_stereo_right_camera_5.png	509155866	373	208	113
facedb/509155866/1521907942759423971_stereo_right_camera_6.png	509155866	373	208	113
facedb/509155866/1521907943051768064_stereo_right_camera_7.png	509155866	373	208	113
facedb/509155866/1521907943271019935_stereo_right_camera_8.png	509155866	373	208	113
facedb/509155866/1521907943372941017_stereo_right_camera_9.png	509155866	373	208	113
