facedb/1917205449/1501789234538618087_stereo_right_camera_0.png	1917205449	372	256	161
facedb/1917205449/1501789235071568012_stereo_right_camera_1.png	1917205449	372	256	161
facedb/1917205449/1501789235250741004_stereo_right_camera_2.png	1917205449	372	256	161
facedb/1917205449/1501789235535839080_stereo_right_camera_3.png	1917205449	372	256	161
facedb/1917205449/1501789235706125020_stereo_right_camera_4.png	1917205449	372	256	161
facedb/1917205449/1501789235958694934_stereo_right_camera_5.png	1917205449	372	256	161
facedb/1917205449/1501789236351238012_stereo_right_camera_6.png	1917205449	372	256	161
facedb/1917205449/1501789236593959093_stereo_right_camera_7.png	1917205449	372	256	161
facedb/1917205449/1501789236773853063_stereo_right_camera_8.png	1917205449	372	256	161
facedb/1917205449/1501789237025896072_stereo_right_camera_9.png	1917205449	372	256	161
