facedb/407556075/1498232775315566062_stereo_right_camera_0.png	407556075	420	287	179
facedb/407556075/1498232775641695976_stereo_right_camera_1.png	407556075	420	287	179
facedb/407556075/1498232775897228002_stereo_right_camera_2.png	407556075	420	287	179
facedb/407556075/1498232776035800933_stereo_right_camera_3.png	407556075	420	287	179
facedb/407556075/1498232776448788881_stereo_right_camera_4.png	407556075	420	287	179
facedb/407556075/1498232776793943881_stereo_right_camera_5.png	407556075	420	287	179
facedb/407556075/1498232777040988922_stereo_right_camera_6.png	407556075	420	287	179
facedb/407556075/1498232777154850006_stereo_right_camera_7.png	407556075	420	287	179
facedb/407556075/1498232777519368886_stereo_right_camera_8.png	407556075	420	287	179
facedb/407556075/1498232777886565923_stereo_right_camera_9.png	407556075	420	287	179
