facedb/1114134745/1501791192162513017_stereo_right_camera_0.png	1114134745	417	286	181
facedb/1114134745/1501791192491592884_stereo_right_camera_1.png	1114134745	417	286	181
facedb/1114134745/1501791192747777938_stereo_right_camera_2.png	1114134745	417	286	181
facedb/1114134745/1501791192837085962_stereo_right_camera_3.png	1114134745	417	286	181
facedb/1114134745/1501791193115333080_stereo_right_camera_4.png	1114134745	417	286	181
facedb/1114134745/1501791193295835971_stereo_right_camera_5.png	1114134745	417	286	181
facedb/1114134745/1501791193576426982_stereo_right_camera_6.png	1114134745	417	286	181
facedb/1114134745/1501791193876535892_stereo_right_camera_7.png	1114134745	417	286	181
facedb/1114134745/1501791194074129104_stereo_right_camera_8.png	1114134745	417	286	181
facedb/1114134745/1501791194285867929_stereo_right_camera_9.png	1114134745	417	286	181
