facedb/133998079/1495579989271347999_stereo_right_camera_0.png	133998079	481	321	224
facedb/133998079/1495579989470138072_stereo_right_camera_1.png	133998079	481	321	224
facedb/133998079/1495579989640631914_stereo_right_camera_2.png	133998079	481	321	224
facedb/133998079/1495579989858724117_stereo_right_camera_3.png	133998079	481	321	224
facedb/133998079/1495579989926333904_stereo_right_camera_4.png	133998079	481	321	224
facedb/133998079/1495579990217453002_stereo_right_camera_5.png	133998079	481	321	224
facedb/133998079/1495579990298516035_stereo_right_camera_6.png	133998079	481	321	224
facedb/133998079/1495579990466459989_stereo_right_camera_7.png	133998079	481	321	224
facedb/133998079/1495579990724188089_stereo_right_camera_8.png	133998079	481	321	224
facedb/133998079/1495579990870851993_stereo_right_camera_9.png	133998079	481	321	224
