facedb/272187129/1495672238514405012_stereo_left_camera_0.png	272187129	496	381	264
facedb/272187129/1495672238792392969_stereo_left_camera_1.png	272187129	496	381	264
facedb/272187129/1495672239067192077_stereo_left_camera_2.png	272187129	496	381	264
facedb/272187129/1495672239819766044_stereo_left_camera_3.png	272187129	496	381	264
facedb/272187129/1495672240267142057_stereo_left_camera_4.png	272187129	496	381	264
facedb/272187129/1495672240443192958_stereo_left_camera_5.png	272187129	496	381	264
facedb/272187129/1495672240597973108_stereo_left_camera_6.png	272187129	496	381	264
facedb/272187129/1495672240913379907_stereo_left_camera_7.png	272187129	496	381	264
facedb/272187129/1495672241198524951_stereo_left_camera_8.png	272187129	496	381	264
facedb/272187129/1495672241904695987_stereo_left_camera_9.png	272187129	496	381	264
