facedb/871674488/1490464790535665035_stereo_right_camera_0.png	871674488	528	346	211
facedb/871674488/1490464790672125101_stereo_right_camera_1.png	871674488	528	346	211
facedb/871674488/1490464790766659975_stereo_right_camera_2.png	871674488	528	346	211
facedb/871674488/1490464790879256010_stereo_right_camera_3.png	871674488	528	346	211
facedb/871674488/1490464790986421108_stereo_right_camera_4.png	871674488	528	346	211
facedb/871674488/1490464791087536096_stereo_right_camera_5.png	871674488	528	346	211
facedb/871674488/1490464791187109947_stereo_right_camera_6.png	871674488	528	346	211
facedb/871674488/1490464791287173986_stereo_right_camera_7.png	871674488	528	346	211
facedb/871674488/1490464791405715942_stereo_right_camera_8.png	871674488	528	346	211
facedb/871674488/1490464791502577066_stereo_right_camera_9.png	871674488	528	346	211
