facedb/999080416/1521906768117137908_stereo_right_camera_0.png	999080416	477	290	131
facedb/999080416/1521906768408577919_stereo_right_camera_1.png	999080416	477	290	131
facedb/999080416/1521906768644853115_stereo_right_camera_2.png	999080416	477	290	131
facedb/999080416/1521906769555543899_stereo_right_camera_3.png	999080416	477	290	131
facedb/999080416/1521906769877480030_stereo_right_camera_4.png	999080416	477	290	131
facedb/999080416/1521906770198662042_stereo_right_camera_5.png	999080416	477	290	131
facedb/999080416/1521906770452307939_stereo_right_camera_6.png	999080416	477	290	131
facedb/999080416/1521906770783626079_stereo_right_camera_7.png	999080416	477	290	131
facedb/999080416/1521906771023861885_stereo_right_camera_8.png	999080416	477	290	131
facedb/999080416/1521906771699212074_stereo_right_camera_9.png	999080416	477	290	131
