facedb/1278708753/1490464787925559043_stereo_left_camera_0.png	1278708753	513	376	225
facedb/1278708753/1490464788148250102_stereo_left_camera_1.png	1278708753	513	376	225
facedb/1278708753/1490464788529072046_stereo_left_camera_2.png	1278708753	513	376	225
facedb/1278708753/1490464788630309104_stereo_left_camera_3.png	1278708753	513	376	225
facedb/1278708753/1490464788814120054_stereo_left_camera_4.png	1278708753	513	376	225
facedb/1278708753/1490464788893846035_stereo_left_camera_5.png	1278708753	513	376	225
facedb/1278708753/1490464788994759082_stereo_left_camera_6.png	1278708753	513	376	225
facedb/1278708753/1490464789666920900_stereo_left_camera_7.png	1278708753	513	376	225
facedb/1278708753/1490464789801090955_stereo_left_camera_8.png	1278708753	513	376	225
facedb/1278708753/1490464790024720907_stereo_left_camera_9.png	1278708753	513	376	225
