facedb/111629693/1501789251197338104_stereo_right_camera_0.png	111629693	450	226	136
facedb/111629693/1501789251424865961_stereo_right_camera_1.png	111629693	450	226	136
facedb/111629693/1501789251631923913_stereo_right_camera_2.png	111629693	450	226	136
facedb/111629693/1501789252288578987_stereo_right_camera_3.png	111629693	450	226	136
facedb/111629693/1501789252537728071_stereo_right_camera_4.png	111629693	450	226	136
facedb/111629693/1501789252910784006_stereo_right_camera_5.png	111629693	450	226	136
facedb/111629693/1501789253523073911_stereo_right_camera_6.png	111629693	450	226	136
facedb/111629693/1501789253659065961_stereo_right_camera_7.png	111629693	450	226	136
facedb/111629693/1501789254295607089_stereo_right_camera_8.png	111629693	450	226	136
facedb/111629693/1501789254555620908_stereo_right_camera_9.png	111629693	450	226	136
