facedb/1973415062/1495666650197220087_stereo_right_camera_0.png	1973415062	409	325	243
facedb/1973415062/1495666650377224922_stereo_right_camera_1.png	1973415062	409	325	243
facedb/1973415062/1495666650564182043_stereo_right_camera_2.png	1973415062	409	325	243
facedb/1973415062/1495666650743781089_stereo_right_camera_3.png	1973415062	409	325	243
facedb/1973415062/1495666650958683013_stereo_right_camera_4.png	1973415062	409	325	243
facedb/1973415062/1495666651206083059_stereo_right_camera_5.png	1973415062	409	325	243
facedb/1973415062/1495666651376060962_stereo_right_camera_6.png	1973415062	409	325	243
facedb/1973415062/1495666651551222085_stereo_right_camera_7.png	1973415062	409	325	243
facedb/1973415062/1495666651740786075_stereo_right_camera_8.png	1973415062	409	325	243
facedb/1973415062/1495666652037000894_stereo_right_camera_9.png	1973415062	409	325	243
