facedb/936071771/1493484670535430908_stereo_right_camera_0.png	936071771	598	361	221
facedb/936071771/1493484670748667955_stereo_right_camera_1.png	936071771	598	361	221
facedb/936071771/1493484670903507947_stereo_right_camera_2.png	936071771	598	361	221
facedb/936071771/1493484671533157110_stereo_right_camera_3.png	936071771	598	361	221
facedb/936071771/1493484671629827976_stereo_right_camera_4.png	936071771	598	361	221
facedb/936071771/1493484671845820903_stereo_right_camera_5.png	936071771	598	361	221
facedb/936071771/1493484672012101888_stereo_right_camera_6.png	936071771	598	361	221
facedb/936071771/1493484672083767890_stereo_right_camera_7.png	936071771	598	361	221
facedb/936071771/1493484672281955957_stereo_right_camera_8.png	936071771	598	361	221
facedb/936071771/1493484672438513040_stereo_right_camera_9.png	936071771	598	361	221
