facedb/102475972/1491077295907548904_stereo_right_camera_0.png	102475972	562	353	246
facedb/102475972/1491077296070807933_stereo_right_camera_1.png	102475972	562	353	246
facedb/102475972/1491077296147648096_stereo_right_camera_2.png	102475972	562	353	246
facedb/102475972/1491077296385039091_stereo_right_camera_3.png	102475972	562	353	246
facedb/102475972/1491077296716944932_stereo_right_camera_4.png	102475972	562	353	246
facedb/102475972/1491077296991343975_stereo_right_camera_5.png	102475972	562	353	246
facedb/102475972/1491077297490139007_stereo_right_camera_6.png	102475972	562	353	246
facedb/102475972/1491077297712057113_stereo_right_camera_7.png	102475972	562	353	246
facedb/102475972/1491077297941124916_stereo_right_camera_8.png	102475972	562	353	246
facedb/102475972/1491077298100755929_stereo_right_camera_9.png	102475972	562	353	246
