facedb/435452559/1491074368234422922_stereo_right_camera_0.png	435452559	556	279	148
facedb/435452559/1491074368487071037_stereo_right_camera_1.png	435452559	556	279	148
facedb/435452559/1491074368590485095_stereo_right_camera_2.png	435452559	556	279	148
facedb/435452559/1491074368816989898_stereo_right_camera_3.png	435452559	556	279	148
facedb/435452559/1491074368917953014_stereo_right_camera_4.png	435452559	556	279	148
facedb/435452559/1491074369049765110_stereo_right_camera_5.png	435452559	556	279	148
facedb/435452559/1491074369385654926_stereo_right_camera_6.png	435452559	556	279	148
facedb/435452559/1491074369469038963_stereo_right_camera_7.png	435452559	556	279	148
facedb/435452559/1491074369623224973_stereo_right_camera_8.png	435452559	556	279	148
facedb/435452559/1491074369752433061_stereo_right_camera_9.png	435452559	556	279	148
