facedb/286076407/1521903861923265933_stereo_right_camera_0.png	286076407	509	304	169
facedb/286076407/1521903862365856885_stereo_right_camera_1.png	286076407	509	304	169
facedb/286076407/1521903862567543029_stereo_right_camera_2.png	286076407	509	304	169
facedb/286076407/1521903863388381958_stereo_right_camera_3.png	286076407	509	304	169
facedb/286076407/1521903864180577993_stereo_right_camera_4.png	286076407	509	304	169
facedb/286076407/1521903864469346046_stereo_right_camera_5.png	286076407	509	304	169
facedb/286076407/1521903864741503000_stereo_right_camera_6.png	286076407	509	304	169
facedb/286076407/1521903865278248071_stereo_right_camera_7.png	286076407	509	304	169
facedb/286076407/1521903865501588106_stereo_right_camera_8.png	286076407	509	304	169
facedb/286076407/1521903865617017030_stereo_right_camera_9.png	286076407	509	304	169
