facedb/315023917/1501791625955068111_stereo_right_camera_0.png	315023917	437	320	249
facedb/315023917/1501791626185955047_stereo_right_camera_1.png	315023917	437	320	249
facedb/315023917/1501791626443370103_stereo_right_camera_2.png	315023917	437	320	249
facedb/315023917/1501791626719018936_stereo_right_camera_3.png	315023917	437	320	249
facedb/315023917/1501791626935851097_stereo_right_camera_4.png	315023917	437	320	249
facedb/315023917/1501791627386105060_stereo_right_camera_5.png	315023917	437	320	249
facedb/315023917/1501791627594114065_stereo_right_camera_6.png	315023917	437	320	249
facedb/315023917/1501791628089499950_stereo_right_camera_7.png	315023917	437	320	249
facedb/315023917/1501791628821221113_stereo_right_camera_8.png	315023917	437	320	249
facedb/315023917/1501791629038166999_stereo_right_camera_9.png	315023917	437	320	249
