facedb/376875123/1495667689514507055_stereo_right_camera_0.png	376875123	347	102	43
facedb/376875123/1495667689582179069_stereo_right_camera_1.png	376875123	347	102	43
facedb/376875123/1495667689914448022_stereo_right_camera_2.png	376875123	347	102	43
facedb/376875123/1495667690050004959_stereo_right_camera_3.png	376875123	347	102	43
facedb/376875123/1495667690281366109_stereo_right_camera_4.png	376875123	347	102	43
facedb/376875123/1495667690517282009_stereo_right_camera_5.png	376875123	347	102	43
facedb/376875123/1495667690841383934_stereo_right_camera_6.png	376875123	347	102	43
facedb/376875123/1495667691057265996_stereo_right_camera_7.png	376875123	347	102	43
facedb/376875123/1495667691379972934_stereo_right_camera_8.png	376875123	347	102	43
facedb/376875123/1495667691482029914_stereo_right_camera_9.png	376875123	347	102	43
