facedb/1075331544/1495062548994616985_stereo_right_camera_0.png	1075331544	588	462	355
facedb/1075331544/1495062549172748088_stereo_right_camera_1.png	1075331544	588	462	355
facedb/1075331544/1495062549274893999_stereo_right_camera_2.png	1075331544	588	462	355
facedb/1075331544/1495062549481184959_stereo_right_camera_3.png	1075331544	588	462	355
facedb/1075331544/1495062549655894994_stereo_right_camera_4.png	1075331544	588	462	355
facedb/1075331544/1495062549854213953_stereo_right_camera_5.png	1075331544	588	462	355
facedb/1075331544/1495062550042273044_stereo_right_camera_6.png	1075331544	588	462	355
facedb/1075331544/1495062550127302885_stereo_right_camera_7.png	1075331544	588	462	355
facedb/1075331544/1495062550333888053_stereo_right_camera_8.png	1075331544	588	462	355
facedb/1075331544/1495062550513748884_stereo_right_camera_9.png	1075331544	588	462	355
