facedb/1081264109/1505671710181226015_stereo_right_camera_0.png	1081264109	440	268	148
facedb/1081264109/1505671710415551900_stereo_right_camera_1.png	1081264109	440	268	148
facedb/1081264109/1505671710664307117_stereo_right_camera_2.png	1081264109	440	268	148
facedb/1081264109/1505671711034519910_stereo_right_camera_3.png	1081264109	440	268	148
facedb/1081264109/1505671711324304103_stereo_right_camera_4.png	1081264109	440	268	148
facedb/1081264109/1505671711487147092_stereo_right_camera_5.png	1081264109	440	268	148
facedb/1081264109/1505671711685317039_stereo_right_camera_6.png	1081264109	440	268	148
facedb/1081264109/1505671711922264099_stereo_right_camera_7.png	1081264109	440	268	148
facedb/1081264109/1505671712077162981_stereo_right_camera_8.png	1081264109	440	268	148
facedb/1081264109/1505671712436791896_stereo_right_camera_9.png	1081264109	440	268	148
