facedb/248594083/1491074570187383890_stereo_right_camera_0.png	248594083	461	294	187
facedb/248594083/1491074570300107002_stereo_right_camera_1.png	248594083	461	294	187
facedb/248594083/1491074570481512069_stereo_right_camera_2.png	248594083	461	294	187
facedb/248594083/1491074570566447019_stereo_right_camera_3.png	248594083	461	294	187
facedb/248594083/1491074571026364088_stereo_right_camera_4.png	248594083	461	294	187
facedb/248594083/1491074571206391096_stereo_right_camera_5.png	248594083	461	294	187
facedb/248594083/1491074571305998086_stereo_right_camera_6.png	248594083	461	294	187
facedb/248594083/1491074571520417928_stereo_right_camera_7.png	248594083	461	294	187
facedb/248594083/1491074571816119909_stereo_right_camera_8.png	248594083	461	294	187
facedb/248594083/1491074571976341009_stereo_right_camera_9.png	248594083	461	294	187
