facedb/1528288777/1497726612607949972_stereo_left_camera_0.png	1528288777	552	396	267
facedb/1528288777/1497726612780273914_stereo_left_camera_1.png	1528288777	552	396	267
facedb/1528288777/1497726613059994935_stereo_left_camera_2.png	1528288777	552	396	267
facedb/1528288777/1497726613237178087_stereo_left_camera_3.png	1528288777	552	396	267
facedb/1528288777/1497726613579339027_stereo_left_camera_4.png	1528288777	552	396	267
facedb/1528288777/1497726613754498958_stereo_left_camera_5.png	1528288777	552	396	267
facedb/1528288777/1497726614009969949_stereo_left_camera_6.png	1528288777	552	396	267
facedb/1528288777/1497726614206398010_stereo_left_camera_7.png	1528288777	552	396	267
facedb/1528288777/1497726614369991064_stereo_left_camera_8.png	1528288777	552	396	267
facedb/1528288777/1497726614544593095_stereo_left_camera_9.png	1528288777	552	396	267
