facedb/1436798290/1521903925399573087_stereo_right_camera_0.png	1436798290	462	270	132
facedb/1436798290/1521903925624027967_stereo_right_camera_1.png	1436798290	462	270	132
facedb/1436798290/1521903925862709045_stereo_right_camera_2.png	1436798290	462	270	132
facedb/1436798290/1521903926203686952_stereo_right_camera_3.png	1436798290	462	270	132
facedb/1436798290/1521903926457413911_stereo_right_camera_4.png	1436798290	462	270	132
facedb/1436798290/1521903926632981061_stereo_right_camera_5.png	1436798290	462	270	132
facedb/1436798290/1521903927231558084_stereo_right_camera_6.png	1436798290	462	270	132
facedb/1436798290/1521903927657335042_stereo_right_camera_7.png	1436798290	462	270	132
facedb/1436798290/1521903927907635927_stereo_right_camera_8.png	1436798290	462	270	132
facedb/1436798290/1521903928196959972_stereo_right_camera_9.png	1436798290	462	270	132
