facedb/1582547310/1490467709498893976_stereo_right_camera_0.png	1582547310	508	324	197
facedb/1582547310/1490467709571830987_stereo_right_camera_1.png	1582547310	508	324	197
facedb/1582547310/1490467709750032901_stereo_right_camera_2.png	1582547310	508	324	197
facedb/1582547310/1490467709843498945_stereo_right_camera_3.png	1582547310	508	324	197
facedb/1582547310/1490467709943049907_stereo_right_camera_4.png	1582547310	508	324	197
facedb/1582547310/1490467710037579059_stereo_right_camera_5.png	1582547310	508	324	197
facedb/1582547310/1490467710136464118_stereo_right_camera_6.png	1582547310	508	324	197
facedb/1582547310/1490467710345355033_stereo_right_camera_7.png	1582547310	508	324	197
facedb/1582547310/1490467710427907943_stereo_right_camera_8.png	1582547310	508	324	197
facedb/1582547310/1490467710706028938_stereo_right_camera_9.png	1582547310	508	324	197
