facedb/234924718/1491062654513036966_stereo_right_camera_0.png	234924718	497	329	175
facedb/234924718/1491062654668006896_stereo_right_camera_1.png	234924718	497	329	175
facedb/234924718/1491062655022521972_stereo_right_camera_2.png	234924718	497	329	175
facedb/234924718/1491062655132463932_stereo_right_camera_3.png	234924718	497	329	175
facedb/234924718/1491062655234668016_stereo_right_camera_4.png	234924718	497	329	175
facedb/234924718/1491062655348352909_stereo_right_camera_5.png	234924718	497	329	175
facedb/234924718/1491062655455919027_stereo_right_camera_6.png	234924718	497	329	175
facedb/234924718/1491062655543159008_stereo_right_camera_7.png	234924718	497	329	175
facedb/234924718/1491062655872946977_stereo_right_camera_8.png	234924718	497	329	175
facedb/234924718/1491062655967447042_stereo_right_camera_9.png	234924718	497	329	175
