facedb/892486150/1495672134514966011_stereo_right_camera_0.png	892486150	477	302	197
facedb/892486150/1495672134752237081_stereo_right_camera_1.png	892486150	477	302	197
facedb/892486150/1495672134914901971_stereo_right_camera_2.png	892486150	477	302	197
facedb/892486150/1495672135073892116_stereo_right_camera_3.png	892486150	477	302	197
facedb/892486150/1495672135264173984_stereo_right_camera_4.png	892486150	477	302	197
facedb/892486150/1495672135531615018_stereo_right_camera_5.png	892486150	477	302	197
facedb/892486150/1495672135785744905_stereo_right_camera_6.png	892486150	477	302	197
facedb/892486150/1495672135940321922_stereo_right_camera_7.png	892486150	477	302	197
facedb/892486150/1495672136312099933_stereo_right_camera_8.png	892486150	477	302	197
facedb/892486150/1495672136559839963_stereo_right_camera_9.png	892486150	477	302	197
