facedb/1282067911/1508515847801331043_stereo_right_camera_0.png	1282067911	592	381	196
facedb/1282067911/1508515848015513896_stereo_right_camera_1.png	1282067911	592	381	196
facedb/1282067911/1508515848144233942_stereo_right_camera_2.png	1282067911	592	381	196
facedb/1282067911/1508515848542819023_stereo_right_camera_3.png	1282067911	592	381	196
facedb/1282067911/1508515848657959938_stereo_right_camera_4.png	1282067911	592	381	196
facedb/1282067911/1508515849089484930_stereo_right_camera_5.png	1282067911	592	381	196
facedb/1282067911/1508515849515393018_stereo_right_camera_6.png	1282067911	592	381	196
facedb/1282067911/1508515850229661941_stereo_right_camera_7.png	1282067911	592	381	196
facedb/1282067911/1508515850639781951_stereo_right_camera_8.png	1282067911	592	381	196
facedb/1282067911/1508515851253478050_stereo_right_camera_9.png	1282067911	592	381	196
