facedb/721081152/1490231872161860942_stereo_right_camera_0.png	721081152	417	265	135
facedb/721081152/1490231872409770011_stereo_right_camera_1.png	721081152	417	265	135
facedb/721081152/1490231872495485067_stereo_right_camera_2.png	721081152	417	265	135
facedb/721081152/1490231872757442951_stereo_right_camera_3.png	721081152	417	265	135
facedb/721081152/1490231872852662086_stereo_right_camera_4.png	721081152	417	265	135
facedb/721081152/1490231872980074882_stereo_right_camera_5.png	721081152	417	265	135
facedb/721081152/1490231873066433906_stereo_right_camera_6.png	721081152	417	265	135
facedb/721081152/1490231873147641897_stereo_right_camera_7.png	721081152	417	265	135
facedb/721081152/1490231873218914985_stereo_right_camera_8.png	721081152	417	265	135
facedb/721081152/1490231873403789043_stereo_right_camera_9.png	721081152	417	265	135
