facedb/1285730226/1501791155118666887_stereo_right_camera_0.png	1285730226	434	296	138
facedb/1285730226/1501791155292201042_stereo_right_camera_1.png	1285730226	434	296	138
facedb/1285730226/1501791156167103052_stereo_right_camera_2.png	1285730226	434	296	138
facedb/1285730226/1501791156383332967_stereo_right_camera_3.png	1285730226	434	296	138
facedb/1285730226/1501791156590758085_stereo_right_camera_4.png	1285730226	434	296	138
facedb/1285730226/1501791157163423061_stereo_right_camera_5.png	1285730226	434	296	138
facedb/1285730226/1501791157361893892_stereo_right_camera_6.png	1285730226	434	296	138
facedb/1285730226/1501791157615432024_stereo_right_camera_7.png	1285730226	434	296	138
facedb/1285730226/1501791158061301946_stereo_right_camera_8.png	1285730226	434	296	138
facedb/1285730226/1501791158316971063_stereo_right_camera_9.png	1285730226	434	296	138
