facedb/1234882196/1497724329749346971_stereo_right_camera_0.png	1234882196	539	349	225
facedb/1234882196/1497724330092894077_stereo_right_camera_1.png	1234882196	539	349	225
facedb/1234882196/1497724330275211095_stereo_right_camera_2.png	1234882196	539	349	225
facedb/1234882196/1497724330888134956_stereo_right_camera_3.png	1234882196	539	349	225
facedb/1234882196/1497724331471771001_stereo_right_camera_4.png	1234882196	539	349	225
facedb/1234882196/1497724331646066904_stereo_right_camera_5.png	1234882196	539	349	225
facedb/1234882196/1497724332062623977_stereo_right_camera_6.png	1234882196	539	349	225
facedb/1234882196/1497724332311968088_stereo_right_camera_7.png	1234882196	539	349	225
facedb/1234882196/1497724332500598907_stereo_right_camera_8.png	1234882196	539	349	225
facedb/1234882196/1497724332694238901_stereo_right_camera_9.png	1234882196	539	349	225
