facedb/1460665179/1488416826101632118_stereo_left_camera_0.png	1460665179	673	484	354
facedb/1460665179/1488416826232471942_stereo_left_camera_1.png	1460665179	673	484	354
facedb/1460665179/1488416826354108095_stereo_left_camera_2.png	1460665179	673	484	354
facedb/1460665179/1488416826472134113_stereo_left_camera_3.png	1460665179	673	484	354
facedb/1460665179/1488416826657391071_stereo_left_camera_4.png	1460665179	673	484	354
facedb/1460665179/1488416826734741926_stereo_left_camera_5.png	1460665179	673	484	354
facedb/1460665179/1488416826816710948_stereo_left_camera_6.png	1460665179	673	484	354
facedb/1460665179/1488416826899816989_stereo_left_camera_7.png	1460665179	673	484	354
facedb/1460665179/1488416826986172914_stereo_left_camera_8.png	1460665179	673	484	354
facedb/1460665179/1488416827086971998_stereo_left_camera_9.png	1460665179	673	484	354
