facedb/1184667234/1493484117030453920_stereo_right_camera_0.png	1184667234	531	380	271
facedb/1184667234/1493484117451513051_stereo_right_camera_1.png	1184667234	531	380	271
facedb/1184667234/1493484117704822063_stereo_right_camera_2.png	1184667234	531	380	271
facedb/1184667234/1493484118039079904_stereo_right_camera_3.png	1184667234	531	380	271
facedb/1184667234/1493484118390269994_stereo_right_camera_4.png	1184667234	531	380	271
facedb/1184667234/1493484118515017986_stereo_right_camera_5.png	1184667234	531	380	271
facedb/1184667234/1493484118620328903_stereo_right_camera_6.png	1184667234	531	380	271
facedb/1184667234/1493484118954590082_stereo_right_camera_7.png	1184667234	531	380	271
facedb/1184667234/1493484119378807067_stereo_right_camera_8.png	1184667234	531	380	271
facedb/1184667234/1493484119501833915_stereo_right_camera_9.png	1184667234	531	380	271
