facedb/1014973565/1494101021968815088_stereo_right_camera_0.png	1014973565	380	222	152
facedb/1014973565/1494101022044158935_stereo_right_camera_1.png	1014973565	380	222	152
facedb/1014973565/1494101022233900070_stereo_right_camera_2.png	1014973565	380	222	152
facedb/1014973565/1494101022391778945_stereo_right_camera_3.png	1014973565	380	222	152
facedb/1014973565/1494101022544420003_stereo_right_camera_4.png	1014973565	380	222	152
facedb/1014973565/1494101022635394096_stereo_right_camera_5.png	1014973565	380	222	152
facedb/1014973565/1494101022964890003_stereo_right_camera_6.png	1014973565	380	222	152
facedb/1014973565/1494101023164361000_stereo_right_camera_7.png	1014973565	380	222	152
facedb/1014973565/1494101023330611944_stereo_right_camera_8.png	1014973565	380	222	152
facedb/1014973565/1494101023485328912_stereo_right_camera_9.png	1014973565	380	222	152
