facedb/1768408156/1523824030819614887_stereo_right_camera_0.png	1768408156	623	392	207
facedb/1768408156/1523824031176350116_stereo_right_camera_1.png	1768408156	623	392	207
facedb/1768408156/1523824032143198013_stereo_right_camera_2.png	1768408156	623	392	207
facedb/1768408156/1523824032447510004_stereo_right_camera_3.png	1768408156	623	392	207
facedb/1768408156/1523824032858612060_stereo_right_camera_4.png	1768408156	623	392	207
facedb/1768408156/1523824033115710020_stereo_right_camera_5.png	1768408156	623	392	207
facedb/1768408156/1523824033508013963_stereo_right_camera_6.png	1768408156	623	392	207
facedb/1768408156/1523824033780889987_stereo_right_camera_7.png	1768408156	623	392	207
facedb/1768408156/1523824034492922067_stereo_right_camera_8.png	1768408156	623	392	207
facedb/1768408156/1523824034756794929_stereo_right_camera_9.png	1768408156	623	392	207
