facedb/928710958/1497720464281805038_stereo_right_camera_0.png	928710958	579	320	143
facedb/928710958/1497720464505414962_stereo_right_camera_1.png	928710958	579	320	143
facedb/928710958/1497720465401078939_stereo_right_camera_2.png	928710958	579	320	143
facedb/928710958/1497720465497351884_stereo_right_camera_3.png	928710958	579	320	143
facedb/928710958/1497720465750080108_stereo_right_camera_4.png	928710958	579	320	143
facedb/928710958/1497720465896603107_stereo_right_camera_5.png	928710958	579	320	143
facedb/928710958/1497720466257190942_stereo_right_camera_6.png	928710958	579	320	143
facedb/928710958/1497720466502212047_stereo_right_camera_7.png	928710958	579	320	143
facedb/928710958/1497720466704279899_stereo_right_camera_8.png	928710958	579	320	143
facedb/928710958/1497720467182754993_stereo_right_camera_9.png	928710958	579	320	143
