facedb/434384956/1491062136226541996_stereo_right_camera_0.png	434384956	415	227	129
facedb/434384956/1491062136368339061_stereo_right_camera_1.png	434384956	415	227	129
facedb/434384956/1491062136536365032_stereo_right_camera_2.png	434384956	415	227	129
facedb/434384956/1491062136650413036_stereo_right_camera_3.png	434384956	415	227	129
facedb/434384956/1491062136757145881_stereo_right_camera_4.png	434384956	415	227	129
facedb/434384956/1491062136949389934_stereo_right_camera_5.png	434384956	415	227	129
facedb/434384956/1491062137134903907_stereo_right_camera_6.png	434384956	415	227	129
facedb/434384956/1491062137340473890_stereo_right_camera_7.png	434384956	415	227	129
facedb/434384956/1491062137484065055_stereo_right_camera_8.png	434384956	415	227	129
facedb/434384956/1491062137796441078_stereo_right_camera_9.png	434384956	415	227	129
