facedb/1359703536/1491146044606394052_stereo_right_camera_0.png	1359703536	469	218	105
facedb/1359703536/1491146044827590942_stereo_right_camera_1.png	1359703536	469	218	105
facedb/1359703536/1491146045038561105_stereo_right_camera_2.png	1359703536	469	218	105
facedb/1359703536/1491146045151709079_stereo_right_camera_3.png	1359703536	469	218	105
facedb/1359703536/1491146045644376039_stereo_right_camera_4.png	1359703536	469	218	105
facedb/1359703536/1491146045775686025_stereo_right_camera_5.png	1359703536	469	218	105
facedb/1359703536/1491146045861768960_stereo_right_camera_6.png	1359703536	469	218	105
facedb/1359703536/1491146046022610902_stereo_right_camera_7.png	1359703536	469	218	105
facedb/1359703536/1491146046117746114_stereo_right_camera_8.png	1359703536	469	218	105
facedb/1359703536/1491146046719247102_stereo_right_camera_9.png	1359703536	469	218	105
