facedb/1051972248/1493487498954888105_stereo_right_camera_0.png	1051972248	390	243	164
facedb/1051972248/1493487499288346052_stereo_right_camera_1.png	1051972248	390	243	164
facedb/1051972248/1493487499992173910_stereo_right_camera_2.png	1051972248	390	243	164
facedb/1051972248/1493487500183402061_stereo_right_camera_3.png	1051972248	390	243	164
facedb/1051972248/1493487500355635881_stereo_right_camera_4.png	1051972248	390	243	164
facedb/1051972248/1493487500514235973_stereo_right_camera_5.png	1051972248	390	243	164
facedb/1051972248/1493487500706204891_stereo_right_camera_6.png	1051972248	390	243	164
facedb/1051972248/1493487500910238981_stereo_right_camera_7.png	1051972248	390	243	164
facedb/1051972248/1493487501084669113_stereo_right_camera_8.png	1051972248	390	243	164
facedb/1051972248/1493487501266947031_stereo_right_camera_9.png	1051972248	390	243	164
