facedb/77882716/1491054128479307889_stereo_right_camera_0.png	77882716	490	287	166
facedb/77882716/1491054128656239032_stereo_right_camera_1.png	77882716	490	287	166
facedb/77882716/1491054128888560056_stereo_right_camera_2.png	77882716	490	287	166
facedb/77882716/1491054128970513105_stereo_right_camera_3.png	77882716	490	287	166
facedb/77882716/1491054129114182949_stereo_right_camera_4.png	77882716	490	287	166
facedb/77882716/1491054129191276073_stereo_right_camera_5.png	77882716	490	287	166
facedb/77882716/1491054129289566993_stereo_right_camera_6.png	77882716	490	287	166
facedb/77882716/1491054129391609907_stereo_right_camera_7.png	77882716	490	287	166
facedb/77882716/1491054129480256080_stereo_right_camera_8.png	77882716	490	287	166
facedb/77882716/1491054129664947986_stereo_right_camera_9.png	77882716	490	287	166
