facedb/1740284426/1521907943862407922_stereo_right_camera_0.png	1740284426	396	283	181
facedb/1740284426/1521907944278429031_stereo_right_camera_1.png	1740284426	396	283	181
facedb/1740284426/1521907944513914108_stereo_right_camera_2.png	1740284426	396	283	181
facedb/1740284426/1521907945162332057_stereo_right_camera_3.png	1740284426	396	283	181
facedb/1740284426/1521907945397799968_stereo_right_camera_4.png	1740284426	396	283	181
facedb/1740284426/1521907945789751052_stereo_right_camera_5.png	1740284426	396	283	181
facedb/1740284426/1521907946025099039_stereo_right_camera_6.png	1740284426	396	283	181
facedb/1740284426/1521907946324280023_stereo_right_camera_7.png	1740284426	396	283	181
facedb/1740284426/1521907946620678901_stereo_right_camera_8.png	1740284426	396	283	181
facedb/1740284426/1521907946825709104_stereo_right_camera_9.png	1740284426	396	283	181
