facedb/1941889255/1490231607602428913_stereo_right_camera_0.png	1941889255	599	387	211
facedb/1941889255/1490231607697531938_stereo_right_camera_1.png	1941889255	599	387	211
facedb/1941889255/1490231607803781986_stereo_right_camera_2.png	1941889255	599	387	211
facedb/1941889255/1490231607897058010_stereo_right_camera_3.png	1941889255	599	387	211
facedb/1941889255/1490231607984579086_stereo_right_camera_4.png	1941889255	599	387	211
facedb/1941889255/1490231608477559089_stereo_right_camera_5.png	1941889255	599	387	211
facedb/1941889255/1490231608671453952_stereo_right_camera_6.png	1941889255	599	387	211
facedb/1941889255/1490231608751619100_stereo_right_camera_7.png	1941889255	599	387	211
facedb/1941889255/1490231608841370105_stereo_right_camera_8.png	1941889255	599	387	211
facedb/1941889255/1490231609034790992_stereo_right_camera_9.png	1941889255	599	387	211
