facedb/1520738783/1491074370836524009_stereo_right_camera_0.png	1520738783	469	248	123
facedb/1520738783/1491074370922903060_stereo_right_camera_1.png	1520738783	469	248	123
facedb/1520738783/1491074371158891916_stereo_right_camera_2.png	1520738783	469	248	123
facedb/1520738783/1491074371262855052_stereo_right_camera_3.png	1520738783	469	248	123
facedb/1520738783/1491074371785959005_stereo_right_camera_4.png	1520738783	469	248	123
facedb/1520738783/1491074371873925924_stereo_right_camera_5.png	1520738783	469	248	123
facedb/1520738783/1491074372138263940_stereo_right_camera_6.png	1520738783	469	248	123
facedb/1520738783/1491074372693317890_stereo_right_camera_7.png	1520738783	469	248	123
facedb/1520738783/1491074372897640943_stereo_right_camera_8.png	1520738783	469	248	123
facedb/1520738783/1491074373013233900_stereo_right_camera_9.png	1520738783	469	248	123
