facedb/488666572/1490466235442552089_stereo_right_camera_0.png	488666572	636	419	224
facedb/488666572/1490466235602655887_stereo_right_camera_1.png	488666572	636	419	224
facedb/488666572/1490466235825030088_stereo_right_camera_2.png	488666572	636	419	224
facedb/488666572/1490466235915057897_stereo_right_camera_3.png	488666572	636	419	224
facedb/488666572/1490466236025772094_stereo_right_camera_4.png	488666572	636	419	224
facedb/488666572/1490466236126029014_stereo_right_camera_5.png	488666572	636	419	224
facedb/488666572/1490466236325711965_stereo_right_camera_6.png	488666572	636	419	224
facedb/488666572/1490466236428332090_stereo_right_camera_7.png	488666572	636	419	224
facedb/488666572/1490466236539722919_stereo_right_camera_8.png	488666572	636	419	224
facedb/488666572/1490466237246149063_stereo_right_camera_9.png	488666572	636	419	224
