facedb/1101187151/1491062035266064882_stereo_right_camera_0.png	1101187151	375	174	77
facedb/1101187151/1491062035352194070_stereo_right_camera_1.png	1101187151	375	174	77
facedb/1101187151/1491062035456188917_stereo_right_camera_2.png	1101187151	375	174	77
facedb/1101187151/1491062036024100065_stereo_right_camera_3.png	1101187151	375	174	77
facedb/1101187151/1491062036147764921_stereo_right_camera_4.png	1101187151	375	174	77
facedb/1101187151/1491062036264693975_stereo_right_camera_5.png	1101187151	375	174	77
facedb/1101187151/1491062036451278924_stereo_right_camera_6.png	1101187151	375	174	77
facedb/1101187151/1491062036525476932_stereo_right_camera_7.png	1101187151	375	174	77
facedb/1101187151/1491062036752134084_stereo_right_camera_8.png	1101187151	375	174	77
facedb/1101187151/1491062036940807104_stereo_right_camera_9.png	1101187151	375	174	77
