facedb/1809567916/1523812965858748912_stereo_right_camera_0.png	1809567916	531	387	266
facedb/1809567916/1523812966335078954_stereo_right_camera_1.png	1809567916	531	387	266
facedb/1809567916/1523812966663789033_stereo_right_camera_2.png	1809567916	531	387	266
facedb/1809567916/1523812967064753055_stereo_right_camera_3.png	1809567916	531	387	266
facedb/1809567916/1523812967237430095_stereo_right_camera_4.png	1809567916	531	387	266
facedb/1809567916/1523812967635860919_stereo_right_camera_5.png	1809567916	531	387	266
facedb/1809567916/1523812968018007993_stereo_right_camera_6.png	1809567916	531	387	266
facedb/1809567916/1523812968404320955_stereo_right_camera_7.png	1809567916	531	387	266
facedb/1809567916/1523812968610137939_stereo_right_camera_8.png	1809567916	531	387	266
facedb/1809567916/1523812968997634887_stereo_right_camera_9.png	1809567916	531	387	266
