facedb/1197287142/1493484641951579093_stereo_right_camera_0.png	1197287142	572	351	154
facedb/1197287142/1493484642159236907_stereo_right_camera_1.png	1197287142	572	351	154
facedb/1197287142/1493484642351921081_stereo_right_camera_2.png	1197287142	572	351	154
facedb/1197287142/1493484642458524942_stereo_right_camera_3.png	1197287142	572	351	154
facedb/1197287142/1493484642776973962_stereo_right_camera_4.png	1197287142	572	351	154
facedb/1197287142/1493484643232727050_stereo_right_camera_5.png	1197287142	572	351	154
facedb/1197287142/1493484643424695014_stereo_right_camera_6.png	1197287142	572	351	154
facedb/1197287142/1493484643892635107_stereo_right_camera_7.png	1197287142	572	351	154
facedb/1197287142/1493484644730082988_stereo_right_camera_8.png	1197287142	572	351	154
facedb/1197287142/1493484644883074045_stereo_right_camera_9.png	1197287142	572	351	154
