facedb/1951229225/1490464934140701055_stereo_right_camera_0.png	1951229225	603	396	241
facedb/1951229225/1490464934255439043_stereo_right_camera_1.png	1951229225	603	396	241
facedb/1951229225/1490464934499521970_stereo_right_camera_2.png	1951229225	603	396	241
facedb/1951229225/1490464934650425910_stereo_right_camera_3.png	1951229225	603	396	241
facedb/1951229225/1490464934765638113_stereo_right_camera_4.png	1951229225	603	396	241
facedb/1951229225/1490464934903101921_stereo_right_camera_5.png	1951229225	603	396	241
facedb/1951229225/1490464935030076980_stereo_right_camera_6.png	1951229225	603	396	241
facedb/1951229225/1490464935170802116_stereo_right_camera_7.png	1951229225	603	396	241
facedb/1951229225/1490464935316392898_stereo_right_camera_8.png	1951229225	603	396	241
facedb/1951229225/1490464935656486034_stereo_right_camera_9.png	1951229225	603	396	241
