facedb/147475803/1495666657528697013_stereo_right_camera_0.png	147475803	426	250	165
facedb/147475803/1495666657674150943_stereo_right_camera_1.png	147475803	426	250	165
facedb/147475803/1495666657846195936_stereo_right_camera_2.png	147475803	426	250	165
facedb/147475803/1495666658087101936_stereo_right_camera_3.png	147475803	426	250	165
facedb/147475803/1495666658436142921_stereo_right_camera_4.png	147475803	426	250	165
facedb/147475803/1495666658611213922_stereo_right_camera_5.png	147475803	426	250	165
facedb/147475803/1495666658789558887_stereo_right_camera_6.png	147475803	426	250	165
facedb/147475803/1495666658956572055_stereo_right_camera_7.png	147475803	426	250	165
facedb/147475803/1495666659350241899_stereo_right_camera_8.png	147475803	426	250	165
facedb/147475803/1495666659522038936_stereo_right_camera_9.png	147475803	426	250	165
