facedb/1987971466/1493484876390253067_stereo_right_camera_0.png	1987971466	564	330	167
facedb/1987971466/1493484876485183954_stereo_right_camera_1.png	1987971466	564	330	167
facedb/1987971466/1493484877227792978_stereo_right_camera_2.png	1987971466	564	330	167
facedb/1987971466/1493484877348726987_stereo_right_camera_3.png	1987971466	564	330	167
facedb/1987971466/1493484877480871915_stereo_right_camera_4.png	1987971466	564	330	167
facedb/1987971466/1493484877685002088_stereo_right_camera_5.png	1987971466	564	330	167
facedb/1987971466/1493484877885570049_stereo_right_camera_6.png	1987971466	564	330	167
facedb/1987971466/1493484878236227035_stereo_right_camera_7.png	1987971466	564	330	167
facedb/1987971466/1493484878355902910_stereo_right_camera_8.png	1987971466	564	330	167
facedb/1987971466/1493484878558948040_stereo_right_camera_9.png	1987971466	564	330	167
