facedb/387117598/1505671719014046907_stereo_right_camera_0.png	387117598	497	233	120
facedb/387117598/1505671719311192989_stereo_right_camera_1.png	387117598	497	233	120
facedb/387117598/1505671720197824001_stereo_right_camera_2.png	387117598	497	233	120
facedb/387117598/1505671720296020030_stereo_right_camera_3.png	387117598	497	233	120
facedb/387117598/1505671720562403917_stereo_right_camera_4.png	387117598	497	233	120
facedb/387117598/1505671721088190078_stereo_right_camera_5.png	387117598	497	233	120
facedb/387117598/1505671721354002952_stereo_right_camera_6.png	387117598	497	233	120
facedb/387117598/1505671721518198013_stereo_right_camera_7.png	387117598	497	233	120
facedb/387117598/1505671721787127017_stereo_right_camera_8.png	387117598	497	233	120
facedb/387117598/1505671721859757900_stereo_right_camera_9.png	387117598	497	233	120
