facedb/334785453/1491062656065263986_stereo_right_camera_0.png	334785453	563	403	265
facedb/334785453/1491062656318806886_stereo_right_camera_1.png	334785453	563	403	265
facedb/334785453/1491062656461317062_stereo_right_camera_2.png	334785453	563	403	265
facedb/334785453/1491062656569082021_stereo_right_camera_3.png	334785453	563	403	265
facedb/334785453/1491062656673959970_stereo_right_camera_4.png	334785453	563	403	265
facedb/334785453/1491062656940273046_stereo_right_camera_5.png	334785453	563	403	265
facedb/334785453/1491062657052987098_stereo_right_camera_6.png	334785453	563	403	265
facedb/334785453/1491062657173472881_stereo_right_camera_7.png	334785453	563	403	265
facedb/334785453/1491062657308751106_stereo_right_camera_8.png	334785453	563	403	265
facedb/334785453/1491062657421614885_stereo_right_camera_9.png	334785453	563	403	265
