facedb/811463541/1494102572962449073_stereo_right_camera_0.png	811463541	485	250	181
facedb/811463541/1494102573078231096_stereo_right_camera_1.png	811463541	485	250	181
facedb/811463541/1494102573174864053_stereo_right_camera_2.png	811463541	485	250	181
facedb/811463541/1494102573426444053_stereo_right_camera_3.png	811463541	485	250	181
facedb/811463541/1494102573553457975_stereo_right_camera_4.png	811463541	485	250	181
facedb/811463541/1494102573744426012_stereo_right_camera_5.png	811463541	485	250	181
facedb/811463541/1494102573921581983_stereo_right_camera_6.png	811463541	485	250	181
facedb/811463541/1494102574008239030_stereo_right_camera_7.png	811463541	485	250	181
facedb/811463541/1494102574260071039_stereo_right_camera_8.png	811463541	485	250	181
facedb/811463541/1494102574368885993_stereo_right_camera_9.png	811463541	485	250	181
