facedb/965400962/1521914521158509969_stereo_right_camera_0.png	965400962	399	292	192
facedb/965400962/1521914521490350008_stereo_right_camera_1.png	965400962	399	292	192
facedb/965400962/1521914521820811033_stereo_right_camera_2.png	965400962	399	292	192
facedb/965400962/1521914522106889009_stereo_right_camera_3.png	965400962	399	292	192
facedb/965400962/1521914522391088008_stereo_right_camera_4.png	965400962	399	292	192
facedb/965400962/1521914522703438043_stereo_right_camera_5.png	965400962	399	292	192
facedb/965400962/1521914522999092102_stereo_right_camera_6.png	965400962	399	292	192
facedb/965400962/1521914523271635055_stereo_right_camera_7.png	965400962	399	292	192
facedb/965400962/1521914523609463930_stereo_right_camera_8.png	965400962	399	292	192
facedb/965400962/1521914523963226079_stereo_right_camera_9.png	965400962	399	292	192
