facedb/129092164/1498232765049278020_stereo_right_camera_0.png	129092164	429	305	169
facedb/129092164/1498232765265357971_stereo_right_camera_1.png	129092164	429	305	169
facedb/129092164/1498232765428380012_stereo_right_camera_2.png	129092164	429	305	169
facedb/129092164/1498232765664577007_stereo_right_camera_3.png	129092164	429	305	169
facedb/129092164/1498232765823388099_stereo_right_camera_4.png	129092164	429	305	169
facedb/129092164/1498232766007594108_stereo_right_camera_5.png	129092164	429	305	169
facedb/129092164/1498232766260170936_stereo_right_camera_6.png	129092164	429	305	169
facedb/129092164/1498232766440355062_stereo_right_camera_7.png	129092164	429	305	169
facedb/129092164/1498232766745985031_stereo_right_camera_8.png	129092164	429	305	169
facedb/129092164/1498232766904131889_stereo_right_camera_9.png	129092164	429	305	169
