facedb/1532915990/1521903928482486963_stereo_right_camera_0.png	1532915990	390	256	172
facedb/1532915990/1521903928735732078_stereo_right_camera_1.png	1532915990	390	256	172
facedb/1532915990/1521903928972212076_stereo_right_camera_2.png	1532915990	390	256	172
facedb/1532915990/1521903929361459970_stereo_right_camera_3.png	1532915990	390	256	172
facedb/1532915990/1521903929831064939_stereo_right_camera_4.png	1532915990	390	256	172
facedb/1532915990/1521903930651329994_stereo_right_camera_5.png	1532915990	390	256	172
facedb/1532915990/1521903930949750900_stereo_right_camera_6.png	1532915990	390	256	172
facedb/1532915990/1521903931274861097_stereo_right_camera_7.png	1532915990	390	256	172
facedb/1532915990/1521903931613405942_stereo_right_camera_8.png	1532915990	390	256	172
facedb/1532915990/1521903931921971082_stereo_right_camera_9.png	1532915990	390	256	172
