facedb/1365167440/1490468553307332038_stereo_right_camera_0.png	1365167440	579	391	119
facedb/1365167440/1490468553380825996_stereo_right_camera_1.png	1365167440	579	391	119
facedb/1365167440/1490468553654279947_stereo_right_camera_2.png	1365167440	579	391	119
facedb/1365167440/1490468553741960048_stereo_right_camera_3.png	1365167440	579	391	119
facedb/1365167440/1490468553949073076_stereo_right_camera_4.png	1365167440	579	391	119
facedb/1365167440/1490468554047270059_stereo_right_camera_5.png	1365167440	579	391	119
facedb/1365167440/1490468554147830009_stereo_right_camera_6.png	1365167440	579	391	119
facedb/1365167440/1490468554438987970_stereo_right_camera_7.png	1365167440	579	391	119
facedb/1365167440/1490468554809475898_stereo_right_camera_8.png	1365167440	579	391	119
facedb/1365167440/1490468554902900934_stereo_right_camera_9.png	1365167440	579	391	119
