facedb/589935149/1491062826737179994_stereo_right_camera_0.png	589935149	553	334	193
facedb/589935149/1491062826836545944_stereo_right_camera_1.png	589935149	553	334	193
facedb/589935149/1491062826947734117_stereo_right_camera_2.png	589935149	553	334	193
facedb/589935149/1491062827163666963_stereo_right_camera_3.png	589935149	553	334	193
facedb/589935149/1491062827304286003_stereo_right_camera_4.png	589935149	553	334	193
facedb/589935149/1491062827460190057_stereo_right_camera_5.png	589935149	553	334	193
facedb/589935149/1491062827594425916_stereo_right_camera_6.png	589935149	553	334	193
facedb/589935149/1491062827748636007_stereo_right_camera_7.png	589935149	553	334	193
facedb/589935149/1491062828098670005_stereo_right_camera_8.png	589935149	553	334	193
facedb/589935149/1491062828266766071_stereo_right_camera_9.png	589935149	553	334	193
