facedb/344499592/1505676223410737991_stereo_right_camera_0.png	344499592	504	322	223
facedb/344499592/1505676223666812896_stereo_right_camera_1.png	344499592	504	322	223
facedb/344499592/1505676223859931945_stereo_right_camera_2.png	344499592	504	322	223
facedb/344499592/1505676224050672054_stereo_right_camera_3.png	344499592	504	322	223
facedb/344499592/1505676224393317937_stereo_right_camera_4.png	344499592	504	322	223
facedb/344499592/1505676224579418897_stereo_right_camera_5.png	344499592	504	322	223
facedb/344499592/1505676224814935922_stereo_right_camera_6.png	344499592	504	322	223
facedb/344499592/1505676225102155923_stereo_right_camera_7.png	344499592	504	322	223
facedb/344499592/1505676225291841030_stereo_right_camera_8.png	344499592	504	322	223
facedb/344499592/1505676225557039976_stereo_right_camera_9.png	344499592	504	322	223
