facedb/1286633344/1493484131091164112_stereo_right_camera_0.png	1286633344	496	325	218
facedb/1286633344/1493484131182495117_stereo_right_camera_1.png	1286633344	496	325	218
facedb/1286633344/1493484131390743017_stereo_right_camera_2.png	1286633344	496	325	218
facedb/1286633344/1493484131494575977_stereo_right_camera_3.png	1286633344	496	325	218
facedb/1286633344/1493484132085133075_stereo_right_camera_4.png	1286633344	496	325	218
facedb/1286633344/1493484132198884963_stereo_right_camera_5.png	1286633344	496	325	218
facedb/1286633344/1493484132676198959_stereo_right_camera_6.png	1286633344	496	325	218
facedb/1286633344/1493484133147115945_stereo_right_camera_7.png	1286633344	496	325	218
facedb/1286633344/1493484133270515918_stereo_right_camera_8.png	1286633344	496	325	218
facedb/1286633344/1493484133365307092_stereo_right_camera_9.png	1286633344	496	325	218
