facedb/963489320/1491079617696924924_stereo_right_camera_0.png	963489320	570	294	189
facedb/963489320/1491079617850224018_stereo_right_camera_1.png	963489320	570	294	189
facedb/963489320/1491079618020628929_stereo_right_camera_2.png	963489320	570	294	189
facedb/963489320/1491079618347692966_stereo_right_camera_3.png	963489320	570	294	189
facedb/963489320/1491079618667021036_stereo_right_camera_4.png	963489320	570	294	189
facedb/963489320/1491079618832411050_stereo_right_camera_5.png	963489320	570	294	189
facedb/963489320/1491079619004029035_stereo_right_camera_6.png	963489320	570	294	189
facedb/963489320/1491079619310040950_stereo_right_camera_7.png	963489320	570	294	189
facedb/963489320/1491079619613419055_stereo_right_camera_8.png	963489320	570	294	189
facedb/963489320/1491079619780606985_stereo_right_camera_9.png	963489320	570	294	189
