facedb/1558762400/1495062580526416063_stereo_right_camera_0.png	1558762400	521	376	252
facedb/1558762400/1495062580884411096_stereo_right_camera_1.png	1558762400	521	376	252
facedb/1558762400/1495062581215188026_stereo_right_camera_2.png	1558762400	521	376	252
facedb/1558762400/1495062582098895072_stereo_right_camera_3.png	1558762400	521	376	252
facedb/1558762400/1495062582313777923_stereo_right_camera_4.png	1558762400	521	376	252
facedb/1558762400/1495062582675649881_stereo_right_camera_5.png	1558762400	521	376	252
facedb/1558762400/1495062583010019063_stereo_right_camera_6.png	1558762400	521	376	252
facedb/1558762400/1495062583150131940_stereo_right_camera_7.png	1558762400	521	376	252
facedb/1558762400/1495062583278650045_stereo_right_camera_8.png	1558762400	521	376	252
facedb/1558762400/1495062583507323980_stereo_right_camera_9.png	1558762400	521	376	252
