facedb/1695509426/1495669206307027101_stereo_right_camera_0.png	1695509426	400	213	120
facedb/1695509426/1495669206496799945_stereo_right_camera_1.png	1695509426	400	213	120
facedb/1695509426/1495669207078381061_stereo_right_camera_2.png	1695509426	400	213	120
facedb/1695509426/1495669207250752925_stereo_right_camera_3.png	1695509426	400	213	120
facedb/1695509426/1495669207419928073_stereo_right_camera_4.png	1695509426	400	213	120
facedb/1695509426/1495669207651017904_stereo_right_camera_5.png	1695509426	400	213	120
facedb/1695509426/1495669207794949054_stereo_right_camera_6.png	1695509426	400	213	120
facedb/1695509426/1495669207993900060_stereo_right_camera_7.png	1695509426	400	213	120
facedb/1695509426/1495669208161225080_stereo_right_camera_8.png	1695509426	400	213	120
facedb/1695509426/1495669208386970996_stereo_right_camera_9.png	1695509426	400	213	120
