facedb/959669925/1491062020906157016_stereo_right_camera_0.png	959669925	520	281	157
facedb/959669925/1491062021048530101_stereo_right_camera_1.png	959669925	520	281	157
facedb/959669925/1491062021158183097_stereo_right_camera_2.png	959669925	520	281	157
facedb/959669925/1491062021288570880_stereo_right_camera_3.png	959669925	520	281	157
facedb/959669925/1491062021389118909_stereo_right_camera_4.png	959669925	520	281	157
facedb/959669925/1491062021475727081_stereo_right_camera_5.png	959669925	520	281	157
facedb/959669925/1491062021653611898_stereo_right_camera_6.png	959669925	520	281	157
facedb/959669925/1491062021887245893_stereo_right_camera_7.png	959669925	520	281	157
facedb/959669925/1491062022027986049_stereo_right_camera_8.png	959669925	520	281	157
facedb/959669925/1491062022103769063_stereo_right_camera_9.png	959669925	520	281	157
