facedb/117481729/1495066710057928085_stereo_right_camera_0.png	117481729	498	251	130
facedb/117481729/1495066710315337896_stereo_right_camera_1.png	117481729	498	251	130
facedb/117481729/1495066710452827930_stereo_right_camera_2.png	117481729	498	251	130
facedb/117481729/1495066710548104047_stereo_right_camera_3.png	117481729	498	251	130
facedb/117481729/1495066710813715934_stereo_right_camera_4.png	117481729	498	251	130
facedb/117481729/1495066711025890111_stereo_right_camera_5.png	117481729	498	251	130
facedb/117481729/1495066711132379055_stereo_right_camera_6.png	117481729	498	251	130
facedb/117481729/1495066711314836025_stereo_right_camera_7.png	117481729	498	251	130
facedb/117481729/1495066711523932933_stereo_right_camera_8.png	117481729	498	251	130
facedb/117481729/1495066711619292020_stereo_right_camera_9.png	117481729	498	251	130
