facedb/720293006/1491146123588098049_stereo_right_camera_0.png	720293006	567	325	215
facedb/720293006/1491146124092113018_stereo_right_camera_1.png	720293006	567	325	215
facedb/720293006/1491146124346843004_stereo_right_camera_2.png	720293006	567	325	215
facedb/720293006/1491146124535188913_stereo_right_camera_3.png	720293006	567	325	215
facedb/720293006/1491146124618863105_stereo_right_camera_4.png	720293006	567	325	215
facedb/720293006/1491146124797857999_stereo_right_camera_5.png	720293006	567	325	215
facedb/720293006/1491146124988375902_stereo_right_camera_6.png	720293006	567	325	215
facedb/720293006/1491146125085634946_stereo_right_camera_7.png	720293006	567	325	215
facedb/720293006/1491146125272773027_stereo_right_camera_8.png	720293006	567	325	215
facedb/720293006/1491146125368570089_stereo_right_camera_9.png	720293006	567	325	215
