facedb/808758287/1490469277338638067_stereo_right_camera_0.png	808758287	613	432	338
facedb/808758287/1490469277467417001_stereo_right_camera_1.png	808758287	613	432	338
facedb/808758287/1490469277613066911_stereo_right_camera_2.png	808758287	613	432	338
facedb/808758287/1490469277755448102_stereo_right_camera_3.png	808758287	613	432	338
facedb/808758287/1490469278306061029_stereo_right_camera_4.png	808758287	613	432	338
facedb/808758287/1490469278439532041_stereo_right_camera_5.png	808758287	613	432	338
facedb/808758287/1490469278589498043_stereo_right_camera_6.png	808758287	613	432	338
facedb/808758287/1490469278706206083_stereo_right_camera_7.png	808758287	613	432	338
facedb/808758287/1490469278873347997_stereo_right_camera_8.png	808758287	613	432	338
facedb/808758287/1490469278999186992_stereo_right_camera_9.png	808758287	613	432	338
