facedb/72455379/1491084593847125053_stereo_right_camera_0.png	72455379	464	263	123
facedb/72455379/1491084594671680927_stereo_right_camera_1.png	72455379	464	263	123
facedb/72455379/1491084595094077110_stereo_right_camera_2.png	72455379	464	263	123
facedb/72455379/1491084595299623012_stereo_right_camera_3.png	72455379	464	263	123
facedb/72455379/1491084596080481052_stereo_right_camera_4.png	72455379	464	263	123
facedb/72455379/1491084596537908077_stereo_right_camera_5.png	72455379	464	263	123
facedb/72455379/1491084597029885053_stereo_right_camera_6.png	72455379	464	263	123
facedb/72455379/1491084598021630048_stereo_right_camera_7.png	72455379	464	263	123
facedb/72455379/1491084598192694902_stereo_right_camera_8.png	72455379	464	263	123
facedb/72455379/1491084598703320980_stereo_right_camera_9.png	72455379	464	263	123
