facedb/1646730931/1490464627938436985_stereo_right_camera_0.png	1646730931	449	302	212
facedb/1646730931/1490464628091929912_stereo_right_camera_1.png	1646730931	449	302	212
facedb/1646730931/1490464628299304962_stereo_right_camera_2.png	1646730931	449	302	212
facedb/1646730931/1490464628382162094_stereo_right_camera_3.png	1646730931	449	302	212
facedb/1646730931/1490464628482662916_stereo_right_camera_4.png	1646730931	449	302	212
facedb/1646730931/1490464628564589023_stereo_right_camera_5.png	1646730931	449	302	212
facedb/1646730931/1490464628735102891_stereo_right_camera_6.png	1646730931	449	302	212
facedb/1646730931/1490464628808161020_stereo_right_camera_7.png	1646730931	449	302	212
facedb/1646730931/1490464628894465923_stereo_right_camera_8.png	1646730931	449	302	212
facedb/1646730931/1490464629139735937_stereo_right_camera_9.png	1646730931	449	302	212
