facedb/560720016/1490465907589032888_stereo_right_camera_0.png	560720016	490	315	142
facedb/560720016/1490465907688038110_stereo_right_camera_1.png	560720016	490	315	142
facedb/560720016/1490465907849411964_stereo_right_camera_2.png	560720016	490	315	142
facedb/560720016/1490465907961658954_stereo_right_camera_3.png	560720016	490	315	142
facedb/560720016/1490465908039098978_stereo_right_camera_4.png	560720016	490	315	142
facedb/560720016/1490465908155189037_stereo_right_camera_5.png	560720016	490	315	142
facedb/560720016/1490465908331314086_stereo_right_camera_6.png	560720016	490	315	142
facedb/560720016/1490465908433474063_stereo_right_camera_7.png	560720016	490	315	142
facedb/560720016/1490465908625195980_stereo_right_camera_8.png	560720016	490	315	142
facedb/560720016/1490465908726772069_stereo_right_camera_9.png	560720016	490	315	142
