facedb/659356973/1491080551695835113_stereo_right_camera_0.png	659356973	477	281	55
facedb/659356973/1491080551876151084_stereo_right_camera_1.png	659356973	477	281	55
facedb/659356973/1491080551968777894_stereo_right_camera_2.png	659356973	477	281	55
facedb/659356973/1491080552133697986_stereo_right_camera_3.png	659356973	477	281	55
facedb/659356973/1491080552786454916_stereo_right_camera_4.png	659356973	477	281	55
facedb/659356973/1491080553123966932_stereo_right_camera_5.png	659356973	477	281	55
facedb/659356973/1491080553234512090_stereo_right_camera_6.png	659356973	477	281	55
facedb/659356973/1491080553429317951_stereo_right_camera_7.png	659356973	477	281	55
facedb/659356973/1491080553665884017_stereo_right_camera_8.png	659356973	477	281	55
facedb/659356973/1491080553811695098_stereo_right_camera_9.png	659356973	477	281	55
