facedb/465498387/1490466485020113945_stereo_right_camera_0.png	465498387	583	460	290
facedb/465498387/1490466485144068002_stereo_right_camera_1.png	465498387	583	460	290
facedb/465498387/1490466486136149883_stereo_right_camera_2.png	465498387	583	460	290
facedb/465498387/1490466486240010976_stereo_right_camera_3.png	465498387	583	460	290
facedb/465498387/1490466486346662998_stereo_right_camera_4.png	465498387	583	460	290
facedb/465498387/1490466486451906919_stereo_right_camera_5.png	465498387	583	460	290
facedb/465498387/1490466486563724040_stereo_right_camera_6.png	465498387	583	460	290
facedb/465498387/1490466486665188074_stereo_right_camera_7.png	465498387	583	460	290
facedb/465498387/1490466486757802009_stereo_right_camera_8.png	465498387	583	460	290
facedb/465498387/1490466486872464895_stereo_right_camera_9.png	465498387	583	460	290
