facedb/658321452/1491069387959765911_stereo_right_camera_0.png	658321452	503	372	210
facedb/658321452/1491069388058507919_stereo_right_camera_1.png	658321452	503	372	210
facedb/658321452/1491069388262077093_stereo_right_camera_2.png	658321452	503	372	210
facedb/658321452/1491069388390981912_stereo_right_camera_3.png	658321452	503	372	210
facedb/658321452/1491069388961018085_stereo_right_camera_4.png	658321452	503	372	210
facedb/658321452/1491069389163047075_stereo_right_camera_5.png	658321452	503	372	210
facedb/658321452/1491069389346460103_stereo_right_camera_6.png	658321452	503	372	210
facedb/658321452/1491069389540962934_stereo_right_camera_7.png	658321452	503	372	210
facedb/658321452/1491069389634068012_stereo_right_camera_8.png	658321452	503	372	210
facedb/658321452/1491069389727602005_stereo_right_camera_9.png	658321452	503	372	210
