facedb/1805843720/1495066658322706937_stereo_right_camera_0.png	1805843720	362	262	160
facedb/1805843720/1495066658542128086_stereo_right_camera_1.png	1805843720	362	262	160
facedb/1805843720/1495066658811654090_stereo_right_camera_2.png	1805843720	362	262	160
facedb/1805843720/1495066658998452901_stereo_right_camera_3.png	1805843720	362	262	160
facedb/1805843720/1495066659327766895_stereo_right_camera_4.png	1805843720	362	262	160
facedb/1805843720/1495066659712280988_stereo_right_camera_5.png	1805843720	362	262	160
facedb/1805843720/1495066660033993959_stereo_right_camera_6.png	1805843720	362	262	160
facedb/1805843720/1495066660261369943_stereo_right_camera_7.png	1805843720	362	262	160
facedb/1805843720/1495066660396394014_stereo_right_camera_8.png	1805843720	362	262	160
facedb/1805843720/1495066660616945981_stereo_right_camera_9.png	1805843720	362	262	160
