facedb/1511132823/1523825623977595090_stereo_right_camera_0.png	1511132823	528	332	256
facedb/1511132823/1523825624106966018_stereo_right_camera_1.png	1511132823	528	332	256
facedb/1511132823/1523825624502764940_stereo_right_camera_2.png	1511132823	528	332	256
facedb/1511132823/1523825624938282012_stereo_right_camera_3.png	1511132823	528	332	256
facedb/1511132823/1523825625211973905_stereo_right_camera_4.png	1511132823	528	332	256
facedb/1511132823/1523825625590101003_stereo_right_camera_5.png	1511132823	528	332	256
facedb/1511132823/1523825625829890012_stereo_right_camera_6.png	1511132823	528	332	256
facedb/1511132823/1523825626242505073_stereo_right_camera_7.png	1511132823	528	332	256
facedb/1511132823/1523825626500868082_stereo_right_camera_8.png	1511132823	528	332	256
facedb/1511132823/1523825626766819000_stereo_right_camera_9.png	1511132823	528	332	256
