facedb/1298424469/1495667695599212884_stereo_left_camera_0.png	1298424469	608	482	346
facedb/1298424469/1495667695784271955_stereo_left_camera_1.png	1298424469	608	482	346
facedb/1298424469/1495667696154181003_stereo_left_camera_2.png	1298424469	608	482	346
facedb/1298424469/1495667696892374992_stereo_left_camera_3.png	1298424469	608	482	346
facedb/1298424469/1495667697093785047_stereo_left_camera_4.png	1298424469	608	482	346
facedb/1298424469/1495667697483464956_stereo_left_camera_5.png	1298424469	608	482	346
facedb/1298424469/1495667697691324949_stereo_left_camera_6.png	1298424469	608	482	346
facedb/1298424469/1495667697882123947_stereo_left_camera_7.png	1298424469	608	482	346
facedb/1298424469/1495667698073189973_stereo_left_camera_8.png	1298424469	608	482	346
facedb/1298424469/1495667698277199029_stereo_left_camera_9.png	1298424469	608	482	346
