facedb/1065386923/1487207393859090089_stereo_right_camera_0.png	1065386923	625	447	357
facedb/1065386923/1487207393987159013_stereo_right_camera_1.png	1065386923	625	447	357
facedb/1065386923/1487207394103295087_stereo_right_camera_2.png	1065386923	625	447	357
facedb/1065386923/1487207394188050031_stereo_right_camera_3.png	1065386923	625	447	357
facedb/1065386923/1487207394283206939_stereo_right_camera_4.png	1065386923	625	447	357
facedb/1065386923/1487207394398896932_stereo_right_camera_5.png	1065386923	625	447	357
facedb/1065386923/1487207394481545925_stereo_right_camera_6.png	1065386923	625	447	357
facedb/1065386923/1487207394558366060_stereo_right_camera_7.png	1065386923	625	447	357
facedb/1065386923/1487207394670061111_stereo_right_camera_8.png	1065386923	625	447	357
facedb/1065386923/1487207394762587070_stereo_right_camera_9.png	1065386923	625	447	357
