facedb/1251784656/1501789245340631008_stereo_left_camera_0.png	1251784656	333	242	135
facedb/1251784656/1501789245434892892_stereo_left_camera_1.png	1251784656	333	242	135
facedb/1251784656/1501789245861393928_stereo_left_camera_2.png	1251784656	333	242	135
facedb/1251784656/1501789246020180940_stereo_left_camera_3.png	1251784656	333	242	135
facedb/1251784656/1501789246514172077_stereo_left_camera_4.png	1251784656	333	242	135
facedb/1251784656/1501789246796910047_stereo_left_camera_5.png	1251784656	333	242	135
facedb/1251784656/1501789247210721969_stereo_left_camera_6.png	1251784656	333	242	135
facedb/1251784656/1501789247392152070_stereo_left_camera_7.png	1251784656	333	242	135
facedb/1251784656/1501789247650715112_stereo_left_camera_8.png	1251784656	333	242	135
facedb/1251784656/1501789247855392932_stereo_left_camera_9.png	1251784656	333	242	135
