facedb/1916895463/1487207385702276945_stereo_right_camera_0.png	1916895463	687	301	67
facedb/1916895463/1487207385796596050_stereo_right_camera_1.png	1916895463	687	301	67
facedb/1916895463/1487207385883802890_stereo_right_camera_2.png	1916895463	687	301	67
facedb/1916895463/1487207386059638977_stereo_right_camera_3.png	1916895463	687	301	67
facedb/1916895463/1487207386170994997_stereo_right_camera_4.png	1916895463	687	301	67
facedb/1916895463/1487207386283801078_stereo_right_camera_5.png	1916895463	687	301	67
facedb/1916895463/1487207386372940063_stereo_right_camera_6.png	1916895463	687	301	67
facedb/1916895463/1487207386373058080_stereo_right_camera_7.png	1916895463	687	301	67
facedb/1916895463/1487207386476876020_stereo_right_camera_8.png	1916895463	687	301	67
facedb/1916895463/1487207386582365989_stereo_right_camera_9.png	1916895463	687	301	67
