facedb/976335078/1495066656422415018_stereo_right_camera_0.png	976335078	421	235	141
facedb/976335078/1495066656606554031_stereo_right_camera_1.png	976335078	421	235	141
facedb/976335078/1495066656781306982_stereo_right_camera_2.png	976335078	421	235	141
facedb/976335078/1495066656902491092_stereo_right_camera_3.png	976335078	421	235	141
facedb/976335078/1495066657023236989_stereo_right_camera_4.png	976335078	421	235	141
facedb/976335078/1495066657224184036_stereo_right_camera_5.png	976335078	421	235	141
facedb/976335078/1495066657309775114_stereo_right_camera_6.png	976335078	421	235	141
facedb/976335078/1495066657596652030_stereo_right_camera_7.png	976335078	421	235	141
facedb/976335078/1495066657692218065_stereo_right_camera_8.png	976335078	421	235	141
facedb/976335078/1495066658031075000_stereo_right_camera_9.png	976335078	421	235	141
