facedb/769464901/1521904670446830987_stereo_right_camera_0.png	769464901	480	372	270
facedb/769464901/1521904670817343950_stereo_right_camera_1.png	769464901	480	372	270
facedb/769464901/1521904671108937978_stereo_right_camera_2.png	769464901	480	372	270
facedb/769464901/1521904671411880970_stereo_right_camera_3.png	769464901	480	372	270
facedb/769464901/1521904672410774946_stereo_right_camera_4.png	769464901	480	372	270
facedb/769464901/1521904672754956960_stereo_right_camera_5.png	769464901	480	372	270
facedb/769464901/1521904673004041910_stereo_right_camera_6.png	769464901	480	372	270
facedb/769464901/1521904673344253063_stereo_right_camera_7.png	769464901	480	372	270
facedb/769464901/1521904673684885025_stereo_right_camera_8.png	769464901	480	372	270
facedb/769464901/1521904673955670118_stereo_right_camera_9.png	769464901	480	372	270
