facedb/1783091712/1490464739878978013_stereo_right_camera_0.png	1783091712	522	328	213
facedb/1783091712/1490464740025768041_stereo_right_camera_1.png	1783091712	522	328	213
facedb/1783091712/1490464740152528047_stereo_right_camera_2.png	1783091712	522	328	213
facedb/1783091712/1490464740256872892_stereo_right_camera_3.png	1783091712	522	328	213
facedb/1783091712/1490464740362920045_stereo_right_camera_4.png	1783091712	522	328	213
facedb/1783091712/1490464740465956926_stereo_right_camera_5.png	1783091712	522	328	213
facedb/1783091712/1490464740569494009_stereo_right_camera_6.png	1783091712	522	328	213
facedb/1783091712/1490464740697988033_stereo_right_camera_7.png	1783091712	522	328	213
facedb/1783091712/1490464740851457118_stereo_right_camera_8.png	1783091712	522	328	213
facedb/1783091712/1490464741065660953_stereo_right_camera_9.png	1783091712	522	328	213
