facedb/1118411440/1497725763465708971_stereo_right_camera_0.png	1118411440	516	255	137
facedb/1118411440/1497725763572635889_stereo_right_camera_1.png	1118411440	516	255	137
facedb/1118411440/1497725763848190069_stereo_right_camera_2.png	1118411440	516	255	137
facedb/1118411440/1497725764106013059_stereo_right_camera_3.png	1118411440	516	255	137
facedb/1118411440/1497725764308650970_stereo_right_camera_4.png	1118411440	516	255	137
facedb/1118411440/1497725764561609983_stereo_right_camera_5.png	1118411440	516	255	137
facedb/1118411440/1497725764711970090_stereo_right_camera_6.png	1118411440	516	255	137
facedb/1118411440/1497725764871166944_stereo_right_camera_7.png	1118411440	516	255	137
facedb/1118411440/1497725765057729005_stereo_right_camera_8.png	1118411440	516	255	137
facedb/1118411440/1497725765390899896_stereo_right_camera_9.png	1118411440	516	255	137
