facedb/282449946/1493487504504014968_stereo_right_camera_0.png	282449946	413	290	198
facedb/282449946/1493487504714658021_stereo_right_camera_1.png	282449946	413	290	198
facedb/282449946/1493487504854861021_stereo_right_camera_2.png	282449946	413	290	198
facedb/282449946/1493487505181123018_stereo_right_camera_3.png	282449946	413	290	198
facedb/282449946/1493487505295145988_stereo_right_camera_4.png	282449946	413	290	198
facedb/282449946/1493487505675048112_stereo_right_camera_5.png	282449946	413	290	198
facedb/282449946/1493487505823955059_stereo_right_camera_6.png	282449946	413	290	198
facedb/282449946/1493487506037929058_stereo_right_camera_7.png	282449946	413	290	198
facedb/282449946/1493487506104878902_stereo_right_camera_8.png	282449946	413	290	198
facedb/282449946/1493487506211097002_stereo_right_camera_9.png	282449946	413	290	198
