facedb/1561464157/1494457157771778106_stereo_right_camera_0.png	1561464157	533	266	150
facedb/1561464157/1494457157970335960_stereo_right_camera_1.png	1561464157	533	266	150
facedb/1561464157/1494457158251372098_stereo_right_camera_2.png	1561464157	533	266	150
facedb/1561464157/1494457158435986042_stereo_right_camera_3.png	1561464157	533	266	150
facedb/1561464157/1494457158724136114_stereo_right_camera_4.png	1561464157	533	266	150
facedb/1561464157/1494457159396719932_stereo_right_camera_5.png	1561464157	533	266	150
facedb/1561464157/1494457160085825920_stereo_right_camera_6.png	1561464157	533	266	150
facedb/1561464157/1494457160180196046_stereo_right_camera_7.png	1561464157	533	266	150
facedb/1561464157/1494457161152009010_stereo_right_camera_8.png	1561464157	533	266	150
facedb/1561464157/1494457161338876008_stereo_right_camera_9.png	1561464157	533	266	150
