facedb/93743528/1491065245297331094_stereo_right_camera_0.png	93743528	615	408	248
facedb/93743528/1491065245411729097_stereo_right_camera_1.png	93743528	615	408	248
facedb/93743528/1491065245586025953_stereo_right_camera_2.png	93743528	615	408	248
facedb/93743528/1491065245658950090_stereo_right_camera_3.png	93743528	615	408	248
facedb/93743528/1491065246106579065_stereo_right_camera_4.png	93743528	615	408	248
facedb/93743528/1491065246242403030_stereo_right_camera_5.png	93743528	615	408	248
facedb/93743528/1491065246397522926_stereo_right_camera_6.png	93743528	615	408	248
facedb/93743528/1491065246531475067_stereo_right_camera_7.png	93743528	615	408	248
facedb/93743528/1491065246780203104_stereo_right_camera_8.png	93743528	615	408	248
facedb/93743528/1491065246928421974_stereo_right_camera_9.png	93743528	615	408	248
