facedb/1788770122/1495667705865044116_stereo_right_camera_0.png	1788770122	650	393	219
facedb/1788770122/1495667706454562902_stereo_right_camera_1.png	1788770122	650	393	219
facedb/1788770122/1495667706678059101_stereo_right_camera_2.png	1788770122	650	393	219
facedb/1788770122/1495667706959599971_stereo_right_camera_3.png	1788770122	650	393	219
facedb/1788770122/1495667707382560968_stereo_right_camera_4.png	1788770122	650	393	219
facedb/1788770122/1495667707877435922_stereo_right_camera_5.png	1788770122	650	393	219
facedb/1788770122/1495667708142242908_stereo_right_camera_6.png	1788770122	650	393	219
facedb/1788770122/1495667708408580064_stereo_right_camera_7.png	1788770122	650	393	219
facedb/1788770122/1495667708656891107_stereo_right_camera_8.png	1788770122	650	393	219
facedb/1788770122/1495667708899606943_stereo_right_camera_9.png	1788770122	650	393	219
