facedb/649351041/1495064404079171895_stereo_right_camera_0.png	649351041	520	330	222
facedb/649351041/1495064404320765018_stereo_right_camera_1.png	649351041	520	330	222
facedb/649351041/1495064404697669982_stereo_right_camera_2.png	649351041	520	330	222
facedb/649351041/1495064404892817974_stereo_right_camera_3.png	649351041	520	330	222
facedb/649351041/1495064405113744020_stereo_right_camera_4.png	649351041	520	330	222
facedb/649351041/1495064405213582992_stereo_right_camera_5.png	649351041	520	330	222
facedb/649351041/1495064405536873102_stereo_right_camera_6.png	649351041	520	330	222
facedb/649351041/1495064405899534940_stereo_right_camera_7.png	649351041	520	330	222
facedb/649351041/1495064406021275997_stereo_right_camera_8.png	649351041	520	330	222
facedb/649351041/1495064406264544010_stereo_right_camera_9.png	649351041	520	330	222
