facedb/1840808113/1521904341141581058_stereo_right_camera_0.png	1840808113	615	434	277
facedb/1840808113/1521904341431252002_stereo_right_camera_1.png	1840808113	615	434	277
facedb/1840808113/1521904342104428052_stereo_right_camera_2.png	1840808113	615	434	277
facedb/1840808113/1521904342312134027_stereo_right_camera_3.png	1840808113	615	434	277
facedb/1840808113/1521904342528045892_stereo_right_camera_4.png	1840808113	615	434	277
facedb/1840808113/1521904342734695911_stereo_right_camera_5.png	1840808113	615	434	277
facedb/1840808113/1521904343081701040_stereo_right_camera_6.png	1840808113	615	434	277
facedb/1840808113/1521904343317369937_stereo_right_camera_7.png	1840808113	615	434	277
facedb/1840808113/1521904343542105913_stereo_right_camera_8.png	1840808113	615	434	277
facedb/1840808113/1521904343660964965_stereo_right_camera_9.png	1840808113	615	434	277
