facedb/120736120/1495667687360979080_stereo_right_camera_0.png	120736120	676	293	47
facedb/120736120/1495667687567513942_stereo_right_camera_1.png	120736120	676	293	47
facedb/120736120/1495667687657905101_stereo_right_camera_2.png	120736120	676	293	47
facedb/120736120/1495667687816484928_stereo_right_camera_3.png	120736120	676	293	47
facedb/120736120/1495667688072566032_stereo_right_camera_4.png	120736120	676	293	47
facedb/120736120/1495667688307707071_stereo_right_camera_5.png	120736120	676	293	47
facedb/120736120/1495667688392970085_stereo_right_camera_6.png	120736120	676	293	47
facedb/120736120/1495667688683079004_stereo_right_camera_7.png	120736120	676	293	47
facedb/120736120/1495667688766406059_stereo_right_camera_8.png	120736120	676	293	47
facedb/120736120/1495667689009021997_stereo_right_camera_9.png	120736120	676	293	47
