facedb/894314124/1490464738585127115_stereo_right_camera_0.png	894314124	587	385	258
facedb/894314124/1490464738689733028_stereo_right_camera_1.png	894314124	587	385	258
facedb/894314124/1490464738775716066_stereo_right_camera_2.png	894314124	587	385	258
facedb/894314124/1490464738872221946_stereo_right_camera_3.png	894314124	587	385	258
facedb/894314124/1490464738993540048_stereo_right_camera_4.png	894314124	587	385	258
facedb/894314124/1490464739117153882_stereo_right_camera_5.png	894314124	587	385	258
facedb/894314124/1490464739228190898_stereo_right_camera_6.png	894314124	587	385	258
facedb/894314124/1490464739326579093_stereo_right_camera_7.png	894314124	587	385	258
facedb/894314124/1490464739541877031_stereo_right_camera_8.png	894314124	587	385	258
facedb/894314124/1490464739648098945_stereo_right_camera_9.png	894314124	587	385	258
