facedb/285323494/1521907458704768896_stereo_right_camera_0.png	285323494	461	321	211
facedb/285323494/1521907458941159009_stereo_right_camera_1.png	285323494	461	321	211
facedb/285323494/1521907459140192031_stereo_right_camera_2.png	285323494	461	321	211
facedb/285323494/1521907459550007104_stereo_right_camera_3.png	285323494	461	321	211
facedb/285323494/1521907459839060068_stereo_right_camera_4.png	285323494	461	321	211
facedb/285323494/1521907460110716104_stereo_right_camera_5.png	285323494	461	321	211
facedb/285323494/1521907460319565057_stereo_right_camera_6.png	285323494	461	321	211
facedb/285323494/1521907460627430915_stereo_right_camera_7.png	285323494	461	321	211
facedb/285323494/1521907460918431043_stereo_right_camera_8.png	285323494	461	321	211
facedb/285323494/1521907461192773103_stereo_right_camera_9.png	285323494	461	321	211
