facedb/1421548612/1521912366829303026_stereo_right_camera_0.png	1421548612	602	346	155
facedb/1421548612/1521912367077080011_stereo_right_camera_1.png	1421548612	602	346	155
facedb/1421548612/1521912367445264101_stereo_right_camera_2.png	1421548612	602	346	155
facedb/1421548612/1521912367775461912_stereo_right_camera_3.png	1421548612	602	346	155
facedb/1421548612/1521912368128395080_stereo_right_camera_4.png	1421548612	602	346	155
facedb/1421548612/1521912368479289054_stereo_right_camera_5.png	1421548612	602	346	155
facedb/1421548612/1521912368739658117_stereo_right_camera_6.png	1421548612	602	346	155
facedb/1421548612/1521912369058448076_stereo_right_camera_7.png	1421548612	602	346	155
facedb/1421548612/1521912369430955886_stereo_right_camera_8.png	1421548612	602	346	155
facedb/1421548612/1521912369776745080_stereo_right_camera_9.png	1421548612	602	346	155
