facedb/1696568808/1521904472940527915_stereo_right_camera_0.png	1696568808	493	366	263
facedb/1696568808/1521904473279212951_stereo_right_camera_1.png	1696568808	493	366	263
facedb/1696568808/1521904473595907926_stereo_right_camera_2.png	1696568808	493	366	263
facedb/1696568808/1521904473902930021_stereo_right_camera_3.png	1696568808	493	366	263
facedb/1696568808/1521904474215687990_stereo_right_camera_4.png	1696568808	493	366	263
facedb/1696568808/1521904474428994894_stereo_right_camera_5.png	1696568808	493	366	263
facedb/1696568808/1521904474542356014_stereo_right_camera_6.png	1696568808	493	366	263
facedb/1696568808/1521904475066862106_stereo_right_camera_7.png	1696568808	493	366	263
facedb/1696568808/1521904475397430896_stereo_right_camera_8.png	1696568808	493	366	263
facedb/1696568808/1521904475637691020_stereo_right_camera_9.png	1696568808	493	366	263
