facedb/1424308642/1490829805457467079_stereo_right_camera_0.png	1424308642	588	360	182
facedb/1424308642/1490829806036370992_stereo_right_camera_1.png	1424308642	588	360	182
facedb/1424308642/1490829806147521972_stereo_right_camera_2.png	1424308642	588	360	182
facedb/1424308642/1490829806438661098_stereo_right_camera_3.png	1424308642	588	360	182
facedb/1424308642/1490829806540885925_stereo_right_camera_4.png	1424308642	588	360	182
facedb/1424308642/1490829806659807920_stereo_right_camera_5.png	1424308642	588	360	182
facedb/1424308642/1490829806749835014_stereo_right_camera_6.png	1424308642	588	360	182
facedb/1424308642/1490829806849950075_stereo_right_camera_7.png	1424308642	588	360	182
facedb/1424308642/1490829807130160093_stereo_right_camera_8.png	1424308642	588	360	182
facedb/1424308642/1490829807279728889_stereo_right_camera_9.png	1424308642	588	360	182
