facedb/946187393/1490469624746706962_stereo_right_camera_0.png	946187393	542	297	165
facedb/946187393/1490469624832778930_stereo_right_camera_1.png	946187393	542	297	165
facedb/946187393/1490469624922280073_stereo_right_camera_2.png	946187393	542	297	165
facedb/946187393/1490469625287777900_stereo_right_camera_3.png	946187393	542	297	165
facedb/946187393/1490469625689426898_stereo_right_camera_4.png	946187393	542	297	165
facedb/946187393/1490469625777962923_stereo_right_camera_5.png	946187393	542	297	165
facedb/946187393/1490469625890060901_stereo_right_camera_6.png	946187393	542	297	165
facedb/946187393/1490469625996931076_stereo_right_camera_7.png	946187393	542	297	165
facedb/946187393/1490469626204196929_stereo_right_camera_8.png	946187393	542	297	165
facedb/946187393/1490469626309438943_stereo_right_camera_9.png	946187393	542	297	165
