facedb/210580570/1495576581350109100_stereo_left_camera_0.png	210580570	568	269	104
facedb/210580570/1495576581842546939_stereo_left_camera_1.png	210580570	568	269	104
facedb/210580570/1495576582027807950_stereo_left_camera_2.png	210580570	568	269	104
facedb/210580570/1495576582203300952_stereo_left_camera_3.png	210580570	568	269	104
facedb/210580570/1495576582391953945_stereo_left_camera_4.png	210580570	568	269	104
facedb/210580570/1495576582477669954_stereo_left_camera_5.png	210580570	568	269	104
facedb/210580570/1495576582748058080_stereo_left_camera_6.png	210580570	568	269	104
facedb/210580570/1495576583237375020_stereo_left_camera_7.png	210580570	568	269	104
facedb/210580570/1495576583425616979_stereo_left_camera_8.png	210580570	568	269	104
facedb/210580570/1495576583522669076_stereo_left_camera_9.png	210580570	568	269	104
