facedb/1128467584/1490464835827032089_stereo_right_camera_0.png	1128467584	410	238	142
facedb/1128467584/1490464835917121887_stereo_right_camera_1.png	1128467584	410	238	142
facedb/1128467584/1490464836006194114_stereo_right_camera_2.png	1128467584	410	238	142
facedb/1128467584/1490464836107665061_stereo_right_camera_3.png	1128467584	410	238	142
facedb/1128467584/1490464836203485965_stereo_right_camera_4.png	1128467584	410	238	142
facedb/1128467584/1490464836303281068_stereo_right_camera_5.png	1128467584	410	238	142
facedb/1128467584/1490464836413718938_stereo_right_camera_6.png	1128467584	410	238	142
facedb/1128467584/1490464836502453088_stereo_right_camera_7.png	1128467584	410	238	142
facedb/1128467584/1490464836613543033_stereo_right_camera_8.png	1128467584	410	238	142
facedb/1128467584/1490464837042128086_stereo_right_camera_9.png	1128467584	410	238	142
