facedb/1091786582/1523813832867921113_stereo_right_camera_0.png	1091786582	533	331	195
facedb/1091786582/1523813833062474012_stereo_right_camera_1.png	1091786582	533	331	195
facedb/1091786582/1523813833439379930_stereo_right_camera_2.png	1091786582	533	331	195
facedb/1091786582/1523813833638088941_stereo_right_camera_3.png	1091786582	533	331	195
facedb/1091786582/1523813833952208042_stereo_right_camera_4.png	1091786582	533	331	195
facedb/1091786582/1523813834221023082_stereo_right_camera_5.png	1091786582	533	331	195
facedb/1091786582/1523813834497255086_stereo_right_camera_6.png	1091786582	533	331	195
facedb/1091786582/1523813834759637117_stereo_right_camera_7.png	1091786582	533	331	195
facedb/1091786582/1523813835022255897_stereo_right_camera_8.png	1091786582	533	331	195
facedb/1091786582/1523813835307257890_stereo_right_camera_9.png	1091786582	533	331	195
