facedb/1834457473/1490233651150649070_stereo_right_camera_0.png	1834457473	517	238	94
facedb/1834457473/1490233651517961025_stereo_right_camera_1.png	1834457473	517	238	94
facedb/1834457473/1490233651601193904_stereo_right_camera_2.png	1834457473	517	238	94
facedb/1834457473/1490233651987205028_stereo_right_camera_3.png	1834457473	517	238	94
facedb/1834457473/1490233652107526063_stereo_right_camera_4.png	1834457473	517	238	94
facedb/1834457473/1490233652206655025_stereo_right_camera_5.png	1834457473	517	238	94
facedb/1834457473/1490233652826216936_stereo_right_camera_6.png	1834457473	517	238	94
facedb/1834457473/1490233652928529977_stereo_right_camera_7.png	1834457473	517	238	94
facedb/1834457473/1490233653254019021_stereo_right_camera_8.png	1834457473	517	238	94
facedb/1834457473/1490233653589636087_stereo_right_camera_9.png	1834457473	517	238	94
