facedb/1776858535/1497721551105964899_stereo_left_camera_0.png	1776858535	485	231	135
facedb/1776858535/1497721551656694889_stereo_left_camera_1.png	1776858535	485	231	135
facedb/1776858535/1497721551938206911_stereo_left_camera_2.png	1776858535	485	231	135
facedb/1776858535/1497721552297197103_stereo_left_camera_3.png	1776858535	485	231	135
facedb/1776858535/1497721552482516050_stereo_left_camera_4.png	1776858535	485	231	135
facedb/1776858535/1497721552573955059_stereo_left_camera_5.png	1776858535	485	231	135
facedb/1776858535/1497721553102848052_stereo_left_camera_6.png	1776858535	485	231	135
facedb/1776858535/1497721553310440063_stereo_left_camera_7.png	1776858535	485	231	135
facedb/1776858535/1497721553582062005_stereo_left_camera_8.png	1776858535	485	231	135
facedb/1776858535/1497721554157470941_stereo_left_camera_9.png	1776858535	485	231	135
