facedb/1009132494/1495576578160080909_stereo_right_camera_0.png	1009132494	542	305	167
facedb/1009132494/1495576578334197998_stereo_right_camera_1.png	1009132494	542	305	167
facedb/1009132494/1495576578452404022_stereo_right_camera_2.png	1009132494	542	305	167
facedb/1009132494/1495576578654808998_stereo_right_camera_3.png	1009132494	542	305	167
facedb/1009132494/1495576578789680004_stereo_right_camera_4.png	1009132494	542	305	167
facedb/1009132494/1495576578992683887_stereo_right_camera_5.png	1009132494	542	305	167
facedb/1009132494/1495576579104150056_stereo_right_camera_6.png	1009132494	542	305	167
facedb/1009132494/1495576579322134971_stereo_right_camera_7.png	1009132494	542	305	167
facedb/1009132494/1495576579520447015_stereo_right_camera_8.png	1009132494	542	305	167
facedb/1009132494/1495576579625251054_stereo_right_camera_9.png	1009132494	542	305	167
