facedb/1384193667/1521907808828319072_stereo_right_camera_0.png	1384193667	900	258	155
facedb/1384193667/1521907809324736118_stereo_right_camera_1.png	1384193667	900	258	155
facedb/1384193667/1521907809762372970_stereo_right_camera_2.png	1384193667	900	258	155
facedb/1384193667/1521907810123512029_stereo_right_camera_3.png	1384193667	900	258	155
facedb/1384193667/1521907810330919027_stereo_right_camera_4.png	1384193667	900	258	155
facedb/1384193667/1521907810714788913_stereo_right_camera_5.png	1384193667	900	258	155
facedb/1384193667/1521907811222740888_stereo_right_camera_6.png	1384193667	900	258	155
facedb/1384193667/1521907811222902059_stereo_right_camera_7.png	1384193667	900	258	155
facedb/1384193667/1521907811964380979_stereo_right_camera_8.png	1384193667	900	258	155
facedb/1384193667/1521907812258188009_stereo_right_camera_9.png	1384193667	900	258	155
