facedb/1415563081/1521914975209583997_stereo_right_camera_0.png	1415563081	376	225	139
facedb/1415563081/1521914975336952924_stereo_right_camera_1.png	1415563081	376	225	139
facedb/1415563081/1521914975787931919_stereo_right_camera_2.png	1415563081	376	225	139
facedb/1415563081/1521914976102513074_stereo_right_camera_3.png	1415563081	376	225	139
facedb/1415563081/1521914976353202104_stereo_right_camera_4.png	1415563081	376	225	139
facedb/1415563081/1521914976669472932_stereo_right_camera_5.png	1415563081	376	225	139
facedb/1415563081/1521914976973608970_stereo_right_camera_6.png	1415563081	376	225	139
facedb/1415563081/1521914977282041072_stereo_right_camera_7.png	1415563081	376	225	139
facedb/1415563081/1521914977488863945_stereo_right_camera_8.png	1415563081	376	225	139
facedb/1415563081/1521914978140846014_stereo_right_camera_9.png	1415563081	376	225	139
