facedb/1687839242/1501790183818032026_stereo_right_camera_0.png	1687839242	425	294	189
facedb/1687839242/1501790184766594886_stereo_right_camera_1.png	1687839242	425	294	189
facedb/1687839242/1501790185082262039_stereo_right_camera_2.png	1687839242	425	294	189
facedb/1687839242/1501790185384320020_stereo_right_camera_3.png	1687839242	425	294	189
facedb/1687839242/1501790185676949977_stereo_right_camera_4.png	1687839242	425	294	189
facedb/1687839242/1501790185974276065_stereo_right_camera_5.png	1687839242	425	294	189
facedb/1687839242/1501790186221359014_stereo_right_camera_6.png	1687839242	425	294	189
facedb/1687839242/1501790186416357040_stereo_right_camera_7.png	1687839242	425	294	189
facedb/1687839242/1501790186609251022_stereo_right_camera_8.png	1687839242	425	294	189
facedb/1687839242/1501790187569730997_stereo_right_camera_9.png	1687839242	425	294	189
