facedb/1406506932/1491068157017168998_stereo_right_camera_0.png	1406506932	611	335	226
facedb/1406506932/1491068157298635005_stereo_right_camera_1.png	1406506932	611	335	226
facedb/1406506932/1491068157391474008_stereo_right_camera_2.png	1406506932	611	335	226
facedb/1406506932/1491068157768572092_stereo_right_camera_3.png	1406506932	611	335	226
facedb/1406506932/1491068157948640108_stereo_right_camera_4.png	1406506932	611	335	226
facedb/1406506932/1491068158026523113_stereo_right_camera_5.png	1406506932	611	335	226
facedb/1406506932/1491068158237818956_stereo_right_camera_6.png	1406506932	611	335	226
facedb/1406506932/1491068158318742036_stereo_right_camera_7.png	1406506932	611	335	226
facedb/1406506932/1491068158553621053_stereo_right_camera_8.png	1406506932	611	335	226
facedb/1406506932/1491068158893182039_stereo_right_camera_9.png	1406506932	611	335	226
