facedb/1584867948/1491073425028196096_stereo_right_camera_0.png	1584867948	506	309	144
facedb/1584867948/1491073425300760030_stereo_right_camera_1.png	1584867948	506	309	144
facedb/1584867948/1491073425442586898_stereo_right_camera_2.png	1584867948	506	309	144
facedb/1584867948/1491073425647613048_stereo_right_camera_3.png	1584867948	506	309	144
facedb/1584867948/1491073425972948074_stereo_right_camera_4.png	1584867948	506	309	144
facedb/1584867948/1491073426131887912_stereo_right_camera_5.png	1584867948	506	309	144
facedb/1584867948/1491073426341540098_stereo_right_camera_6.png	1584867948	506	309	144
facedb/1584867948/1491073426654759883_stereo_right_camera_7.png	1584867948	506	309	144
facedb/1584867948/1491073426831222057_stereo_right_camera_8.png	1584867948	506	309	144
facedb/1584867948/1491073427050874948_stereo_right_camera_9.png	1584867948	506	309	144
