facedb/1334870685/1521907065820576906_stereo_right_camera_0.png	1334870685	556	289	163
facedb/1334870685/1521907066417444944_stereo_right_camera_1.png	1334870685	556	289	163
facedb/1334870685/1521907066656883001_stereo_right_camera_2.png	1334870685	556	289	163
facedb/1334870685/1521907067051986932_stereo_right_camera_3.png	1334870685	556	289	163
facedb/1334870685/1521907067308072090_stereo_right_camera_4.png	1334870685	556	289	163
facedb/1334870685/1521907067554785013_stereo_right_camera_5.png	1334870685	556	289	163
facedb/1334870685/1521907067806899070_stereo_right_camera_6.png	1334870685	556	289	163
facedb/1334870685/1521907068196584939_stereo_right_camera_7.png	1334870685	556	289	163
facedb/1334870685/1521907068556415081_stereo_right_camera_8.png	1334870685	556	289	163
facedb/1334870685/1521907068823044061_stereo_right_camera_9.png	1334870685	556	289	163
