facedb/1740558594/1521915560873105049_stereo_right_camera_0.png	1740558594	522	284	196
facedb/1740558594/1521915561162434101_stereo_right_camera_1.png	1740558594	522	284	196
facedb/1740558594/1521915561534475088_stereo_right_camera_2.png	1740558594	522	284	196
facedb/1740558594/1521915562163358926_stereo_right_camera_3.png	1740558594	522	284	196
facedb/1740558594/1521915562390429019_stereo_right_camera_4.png	1740558594	522	284	196
facedb/1740558594/1521915562710454940_stereo_right_camera_5.png	1740558594	522	284	196
facedb/1740558594/1521915563321475028_stereo_right_camera_6.png	1740558594	522	284	196
facedb/1740558594/1521915563643246889_stereo_right_camera_7.png	1740558594	522	284	196
facedb/1740558594/1521915563985569953_stereo_right_camera_8.png	1740558594	522	284	196
facedb/1740558594/1521915564174634933_stereo_right_camera_9.png	1740558594	522	284	196
