facedb/1229838651/1497720813496808052_stereo_right_camera_0.png	1229838651	585	363	201
facedb/1229838651/1497720813906034946_stereo_right_camera_1.png	1229838651	585	363	201
facedb/1229838651/1497720814163615942_stereo_right_camera_2.png	1229838651	585	363	201
facedb/1229838651/1497720814284022092_stereo_right_camera_3.png	1229838651	585	363	201
facedb/1229838651/1497720814732615947_stereo_right_camera_4.png	1229838651	585	363	201
facedb/1229838651/1497720814980612039_stereo_right_camera_5.png	1229838651	585	363	201
facedb/1229838651/1497720815366867065_stereo_right_camera_6.png	1229838651	585	363	201
facedb/1229838651/1497720815976281881_stereo_right_camera_7.png	1229838651	585	363	201
facedb/1229838651/1497720816231781005_stereo_right_camera_8.png	1229838651	585	363	201
facedb/1229838651/1497720817030250072_stereo_right_camera_9.png	1229838651	585	363	201
