facedb/328291668/1491081663560095071_stereo_right_camera_0.png	328291668	535	307	144
facedb/328291668/1491081663669910907_stereo_right_camera_1.png	328291668	535	307	144
facedb/328291668/1491081663911550998_stereo_right_camera_2.png	328291668	535	307	144
facedb/328291668/1491081664022373914_stereo_right_camera_3.png	328291668	535	307	144
facedb/328291668/1491081664786953926_stereo_right_camera_4.png	328291668	535	307	144
facedb/328291668/1491081665010925054_stereo_right_camera_5.png	328291668	535	307	144
facedb/328291668/1491081665106618881_stereo_right_camera_6.png	328291668	535	307	144
facedb/328291668/1491081665858371019_stereo_right_camera_7.png	328291668	535	307	144
facedb/328291668/1491081665964536905_stereo_right_camera_8.png	328291668	535	307	144
facedb/328291668/1491081666173573017_stereo_right_camera_9.png	328291668	535	307	144
