facedb/334252480/1491069399464315891_stereo_right_camera_0.png	334252480	523	364	213
facedb/334252480/1491069399606185913_stereo_right_camera_1.png	334252480	523	364	213
facedb/334252480/1491069399840775012_stereo_right_camera_2.png	334252480	523	364	213
facedb/334252480/1491069400227005004_stereo_right_camera_3.png	334252480	523	364	213
facedb/334252480/1491069400593936920_stereo_right_camera_4.png	334252480	523	364	213
facedb/334252480/1491069401028740882_stereo_right_camera_5.png	334252480	523	364	213
facedb/334252480/1491069401125391006_stereo_right_camera_6.png	334252480	523	364	213
facedb/334252480/1491069401223808050_stereo_right_camera_7.png	334252480	523	364	213
facedb/334252480/1491069401724344015_stereo_right_camera_8.png	334252480	523	364	213
facedb/334252480/1491069402085792064_stereo_right_camera_9.png	334252480	523	364	213
