facedb/986623373/1495579914561158895_stereo_right_camera_0.png	986623373	494	280	168
facedb/986623373/1495579914707171916_stereo_right_camera_1.png	986623373	494	280	168
facedb/986623373/1495579914875129938_stereo_right_camera_2.png	986623373	494	280	168
facedb/986623373/1495579915005614042_stereo_right_camera_3.png	986623373	494	280	168
facedb/986623373/1495579915169219970_stereo_right_camera_4.png	986623373	494	280	168
facedb/986623373/1495579915245445966_stereo_right_camera_5.png	986623373	494	280	168
facedb/986623373/1495579915499206066_stereo_right_camera_6.png	986623373	494	280	168
facedb/986623373/1495579915750797033_stereo_right_camera_7.png	986623373	494	280	168
facedb/986623373/1495579916019205093_stereo_right_camera_8.png	986623373	494	280	168
facedb/986623373/1495579916301724910_stereo_right_camera_9.png	986623373	494	280	168
