facedb/1275762674/1505596101372895002_stereo_right_camera_0.png	1275762674	617	356	235
facedb/1275762674/1505596101665462970_stereo_right_camera_1.png	1275762674	617	356	235
facedb/1275762674/1505596102623164892_stereo_right_camera_2.png	1275762674	617	356	235
facedb/1275762674/1505596102895354032_stereo_right_camera_3.png	1275762674	617	356	235
facedb/1275762674/1505596103105904102_stereo_right_camera_4.png	1275762674	617	356	235
facedb/1275762674/1505596103330038070_stereo_right_camera_5.png	1275762674	617	356	235
facedb/1275762674/1505596103528376102_stereo_right_camera_6.png	1275762674	617	356	235
facedb/1275762674/1505596103724586963_stereo_right_camera_7.png	1275762674	617	356	235
facedb/1275762674/1505596104199172019_stereo_right_camera_8.png	1275762674	617	356	235
facedb/1275762674/1505596104302632093_stereo_right_camera_9.png	1275762674	617	356	235
