facedb/212993092/1505671816208019018_stereo_right_camera_0.png	212993092	482	268	191
facedb/212993092/1505671816852066993_stereo_right_camera_1.png	212993092	482	268	191
facedb/212993092/1505671817239650011_stereo_right_camera_2.png	212993092	482	268	191
facedb/212993092/1505671817560957908_stereo_right_camera_3.png	212993092	482	268	191
facedb/212993092/1505671817781603097_stereo_right_camera_4.png	212993092	482	268	191
facedb/212993092/1505671817945442914_stereo_right_camera_5.png	212993092	482	268	191
facedb/212993092/1505671818296413898_stereo_right_camera_6.png	212993092	482	268	191
facedb/212993092/1505671818466717958_stereo_right_camera_7.png	212993092	482	268	191
facedb/212993092/1505671818748006105_stereo_right_camera_8.png	212993092	482	268	191
facedb/212993092/1505671818974920034_stereo_right_camera_9.png	212993092	482	268	191
