facedb/189542788/1490465891454022884_stereo_right_camera_0.png	189542788	571	378	249
facedb/189542788/1490465891569874048_stereo_right_camera_1.png	189542788	571	378	249
facedb/189542788/1490465891682151079_stereo_right_camera_2.png	189542788	571	378	249
facedb/189542788/1490465891780076980_stereo_right_camera_3.png	189542788	571	378	249
facedb/189542788/1490465891863620996_stereo_right_camera_4.png	189542788	571	378	249
facedb/189542788/1490465892080128908_stereo_right_camera_5.png	189542788	571	378	249
facedb/189542788/1490465892188379049_stereo_right_camera_6.png	189542788	571	378	249
facedb/189542788/1490465892455027103_stereo_right_camera_7.png	189542788	571	378	249
facedb/189542788/1490465892548777103_stereo_right_camera_8.png	189542788	571	378	249
facedb/189542788/1490465892637083053_stereo_right_camera_9.png	189542788	571	378	249
