facedb/979264387/1501790423207339048_stereo_right_camera_0.png	979264387	479	297	202
facedb/979264387/1501790423483617067_stereo_right_camera_1.png	979264387	479	297	202
facedb/979264387/1501790423702342987_stereo_right_camera_2.png	979264387	479	297	202
facedb/979264387/1501790424194015026_stereo_right_camera_3.png	979264387	479	297	202
facedb/979264387/1501790424649435997_stereo_right_camera_4.png	979264387	479	297	202
facedb/979264387/1501790424902816057_stereo_right_camera_5.png	979264387	479	297	202
facedb/979264387/1501790425411014080_stereo_right_camera_6.png	979264387	479	297	202
facedb/979264387/1501790425645459890_stereo_right_camera_7.png	979264387	479	297	202
facedb/979264387/1501790425901757955_stereo_right_camera_8.png	979264387	479	297	202
facedb/979264387/1501790426478786945_stereo_right_camera_9.png	979264387	479	297	202
