facedb/1792357962/1501790461005517005_stereo_right_camera_0.png	1792357962	433	336	229
facedb/1792357962/1501790461193547964_stereo_right_camera_1.png	1792357962	433	336	229
facedb/1792357962/1501790461488996982_stereo_right_camera_2.png	1792357962	433	336	229
facedb/1792357962/1501790461701766967_stereo_right_camera_3.png	1792357962	433	336	229
facedb/1792357962/1501790462214556932_stereo_right_camera_4.png	1792357962	433	336	229
facedb/1792357962/1501790462613075971_stereo_right_camera_5.png	1792357962	433	336	229
facedb/1792357962/1501790463057090997_stereo_right_camera_6.png	1792357962	433	336	229
facedb/1792357962/1501790463488549947_stereo_right_camera_7.png	1792357962	433	336	229
facedb/1792357962/1501790463643621921_stereo_right_camera_8.png	1792357962	433	336	229
facedb/1792357962/1501790463978491067_stereo_right_camera_9.png	1792357962	433	336	229
