facedb/1643815419/1491064247073724031_stereo_right_camera_0.png	1643815419	523	341	228
facedb/1643815419/1491064247179743051_stereo_right_camera_1.png	1643815419	523	341	228
facedb/1643815419/1491064247271521091_stereo_right_camera_2.png	1643815419	523	341	228
facedb/1643815419/1491064247652132987_stereo_right_camera_3.png	1643815419	523	341	228
facedb/1643815419/1491064247832618951_stereo_right_camera_4.png	1643815419	523	341	228
facedb/1643815419/1491064247918077945_stereo_right_camera_5.png	1643815419	523	341	228
facedb/1643815419/1491064248004120111_stereo_right_camera_6.png	1643815419	523	341	228
facedb/1643815419/1491064248105882883_stereo_right_camera_7.png	1643815419	523	341	228
facedb/1643815419/1491064248389729022_stereo_right_camera_8.png	1643815419	523	341	228
facedb/1643815419/1491064248570839881_stereo_right_camera_9.png	1643815419	523	341	228
