facedb/838689654/1505674418156683921_stereo_right_camera_0.png	838689654	592	365	271
facedb/838689654/1505674418522418022_stereo_right_camera_1.png	838689654	592	365	271
facedb/838689654/1505674418786186933_stereo_right_camera_2.png	838689654	592	365	271
facedb/838689654/1505674419047442913_stereo_right_camera_3.png	838689654	592	365	271
facedb/838689654/1505674419222999095_stereo_right_camera_4.png	838689654	592	365	271
facedb/838689654/1505674419521831035_stereo_right_camera_5.png	838689654	592	365	271
facedb/838689654/1505674419733639001_stereo_right_camera_6.png	838689654	592	365	271
facedb/838689654/1505674419984822034_stereo_right_camera_7.png	838689654	592	365	271
facedb/838689654/1505674420154351949_stereo_right_camera_8.png	838689654	592	365	271
facedb/838689654/1505674420365659952_stereo_right_camera_9.png	838689654	592	365	271
