facedb/1578189482/1490464740152071952_stereo_left_camera_0.png	1578189482	465	313	208
facedb/1578189482/1490464740465506076_stereo_left_camera_1.png	1578189482	465	313	208
facedb/1578189482/1490464740569106101_stereo_left_camera_2.png	1578189482	465	313	208
facedb/1578189482/1490464740851087093_stereo_left_camera_3.png	1578189482	465	313	208
facedb/1578189482/1490464740966603994_stereo_left_camera_4.png	1578189482	465	313	208
facedb/1578189482/1490464741065141916_stereo_left_camera_5.png	1578189482	465	313	208
facedb/1578189482/1490464741181411027_stereo_left_camera_6.png	1578189482	465	313	208
facedb/1578189482/1490464741460488080_stereo_left_camera_7.png	1578189482	465	313	208
facedb/1578189482/1490464741555411100_stereo_left_camera_8.png	1578189482	465	313	208
facedb/1578189482/1490464741912655115_stereo_left_camera_9.png	1578189482	465	313	208
