facedb/1455512723/1501792067201598882_stereo_right_camera_0.png	1455512723	351	214	127
facedb/1455512723/1501792067438519954_stereo_right_camera_1.png	1455512723	351	214	127
facedb/1455512723/1501792067655812025_stereo_right_camera_2.png	1455512723	351	214	127
facedb/1455512723/1501792067857861995_stereo_right_camera_3.png	1455512723	351	214	127
facedb/1455512723/1501792068084147930_stereo_right_camera_4.png	1455512723	351	214	127
facedb/1455512723/1501792068300914049_stereo_right_camera_5.png	1455512723	351	214	127
facedb/1455512723/1501792068604104042_stereo_right_camera_6.png	1455512723	351	214	127
facedb/1455512723/1501792069157525062_stereo_right_camera_7.png	1455512723	351	214	127
facedb/1455512723/1501792069422168016_stereo_right_camera_8.png	1455512723	351	214	127
facedb/1455512723/1501792069624982118_stereo_right_camera_9.png	1455512723	351	214	127
