facedb/1713312793/1523813807530968904_stereo_right_camera_0.png	1713312793	457	267	191
facedb/1713312793/1523813808285296916_stereo_right_camera_1.png	1713312793	457	267	191
facedb/1713312793/1523813808800122022_stereo_right_camera_2.png	1713312793	457	267	191
facedb/1713312793/1523813809083717107_stereo_right_camera_3.png	1713312793	457	267	191
facedb/1713312793/1523813809271755933_stereo_right_camera_4.png	1713312793	457	267	191
facedb/1713312793/1523813809670208930_stereo_right_camera_5.png	1713312793	457	267	191
facedb/1713312793/1523813809972434997_stereo_right_camera_6.png	1713312793	457	267	191
facedb/1713312793/1523813810251928091_stereo_right_camera_7.png	1713312793	457	267	191
facedb/1713312793/1523813810572956085_stereo_right_camera_8.png	1713312793	457	267	191
facedb/1713312793/1523813810777544975_stereo_right_camera_9.png	1713312793	457	267	191
