facedb/608264038/1491074384726432085_stereo_right_camera_0.png	608264038	481	290	204
facedb/608264038/1491074384970249891_stereo_right_camera_1.png	608264038	481	290	204
facedb/608264038/1491074385097481966_stereo_right_camera_2.png	608264038	481	290	204
facedb/608264038/1491074385209618091_stereo_right_camera_3.png	608264038	481	290	204
facedb/608264038/1491074385314171075_stereo_right_camera_4.png	608264038	481	290	204
facedb/608264038/1491074385650835037_stereo_right_camera_5.png	608264038	481	290	204
facedb/608264038/1491074386201339006_stereo_right_camera_6.png	608264038	481	290	204
facedb/608264038/1491074386335938930_stereo_right_camera_7.png	608264038	481	290	204
facedb/608264038/1491074386438285112_stereo_right_camera_8.png	608264038	481	290	204
facedb/608264038/1491074386536386013_stereo_right_camera_9.png	608264038	481	290	204
