facedb/987414190/1491080531786480903_stereo_right_camera_0.png	987414190	442	227	74
facedb/987414190/1491080531866040945_stereo_right_camera_1.png	987414190	442	227	74
facedb/987414190/1491080532213094949_stereo_right_camera_2.png	987414190	442	227	74
facedb/987414190/1491080532487926006_stereo_right_camera_3.png	987414190	442	227	74
facedb/987414190/1491080532584286928_stereo_right_camera_4.png	987414190	442	227	74
facedb/987414190/1491080532817348003_stereo_right_camera_5.png	987414190	442	227	74
facedb/987414190/1491080532895659923_stereo_right_camera_6.png	987414190	442	227	74
facedb/987414190/1491080533297586917_stereo_right_camera_7.png	987414190	442	227	74
facedb/987414190/1491080533453300952_stereo_right_camera_8.png	987414190	442	227	74
facedb/987414190/1491080533664760112_stereo_right_camera_9.png	987414190	442	227	74
