facedb/12454281/1523813837126166105_stereo_right_camera_0.png	12454281	900	349	250
facedb/12454281/1523813837494180917_stereo_right_camera_1.png	12454281	900	349	250
facedb/12454281/1523813837819128036_stereo_right_camera_2.png	12454281	900	349	250
facedb/12454281/1523813838006412029_stereo_right_camera_3.png	12454281	900	349	250
facedb/12454281/1523813838381194114_stereo_right_camera_4.png	12454281	900	349	250
facedb/12454281/1523813838622925043_stereo_right_camera_5.png	12454281	900	349	250
facedb/12454281/1523813838623306035_stereo_right_camera_6.png	12454281	900	349	250
facedb/12454281/1523813839212321043_stereo_right_camera_7.png	12454281	900	349	250
facedb/12454281/1523813839413053035_stereo_right_camera_8.png	12454281	900	349	250
facedb/12454281/1523813839779689073_stereo_right_camera_9.png	12454281	900	349	250
