facedb/1316994973/1495066751092339038_stereo_right_camera_0.png	1316994973	423	266	173
facedb/1316994973/1495066751380548954_stereo_right_camera_1.png	1316994973	423	266	173
facedb/1316994973/1495066752121762037_stereo_right_camera_2.png	1316994973	423	266	173
facedb/1316994973/1495066752339441061_stereo_right_camera_3.png	1316994973	423	266	173
facedb/1316994973/1495066752678788900_stereo_right_camera_4.png	1316994973	423	266	173
facedb/1316994973/1495066753090507984_stereo_right_camera_5.png	1316994973	423	266	173
facedb/1316994973/1495066753200265884_stereo_right_camera_6.png	1316994973	423	266	173
facedb/1316994973/1495066753511765956_stereo_right_camera_7.png	1316994973	423	266	173
facedb/1316994973/1495066753750653982_stereo_right_camera_8.png	1316994973	423	266	173
facedb/1316994973/1495066754198178052_stereo_right_camera_9.png	1316994973	423	266	173
