facedb/1916729478/1491074497036397933_stereo_right_camera_0.png	1916729478	418	221	111
facedb/1916729478/1491074497154721021_stereo_right_camera_1.png	1916729478	418	221	111
facedb/1916729478/1491074497371217012_stereo_right_camera_2.png	1916729478	418	221	111
facedb/1916729478/1491074497561875104_stereo_right_camera_3.png	1916729478	418	221	111
facedb/1916729478/1491074497759006977_stereo_right_camera_4.png	1916729478	418	221	111
facedb/1916729478/1491074497999908924_stereo_right_camera_5.png	1916729478	418	221	111
facedb/1916729478/1491074498306236028_stereo_right_camera_6.png	1916729478	418	221	111
facedb/1916729478/1491074498487113952_stereo_right_camera_7.png	1916729478	418	221	111
facedb/1916729478/1491074498818284034_stereo_right_camera_8.png	1916729478	418	221	111
facedb/1916729478/1491074499132986068_stereo_right_camera_9.png	1916729478	418	221	111
