facedb/1614086307/1491074354059470891_stereo_right_camera_0.png	1614086307	536	309	191
facedb/1614086307/1491074354176981925_stereo_right_camera_1.png	1614086307	536	309	191
facedb/1614086307/1491074354308357000_stereo_right_camera_2.png	1614086307	536	309	191
facedb/1614086307/1491074354442245006_stereo_right_camera_3.png	1614086307	536	309	191
facedb/1614086307/1491074354770627975_stereo_right_camera_4.png	1614086307	536	309	191
facedb/1614086307/1491074355101504087_stereo_right_camera_5.png	1614086307	536	309	191
facedb/1614086307/1491074355807987928_stereo_right_camera_6.png	1614086307	536	309	191
facedb/1614086307/1491074355949632883_stereo_right_camera_7.png	1614086307	536	309	191
facedb/1614086307/1491074356029057025_stereo_right_camera_8.png	1614086307	536	309	191
facedb/1614086307/1491074356140117883_stereo_right_camera_9.png	1614086307	536	309	191
