facedb/260798807/1497729715394598007_stereo_right_camera_0.png	260798807	555	326	224
facedb/260798807/1497729716393805027_stereo_right_camera_1.png	260798807	555	326	224
facedb/260798807/1497729716762175083_stereo_right_camera_2.png	260798807	555	326	224
facedb/260798807/1497729717093394994_stereo_right_camera_3.png	260798807	555	326	224
facedb/260798807/1497729717793579101_stereo_right_camera_4.png	260798807	555	326	224
facedb/260798807/1497729718163499116_stereo_right_camera_5.png	260798807	555	326	224
facedb/260798807/1497729718495585918_stereo_right_camera_6.png	260798807	555	326	224
facedb/260798807/1497729718831867933_stereo_right_camera_7.png	260798807	555	326	224
facedb/260798807/1497729719195977926_stereo_right_camera_8.png	260798807	555	326	224
facedb/260798807/1497729719899034023_stereo_right_camera_9.png	260798807	555	326	224
