facedb/1507097388/1521911558514683008_stereo_right_camera_0.png	1507097388	900	320	200
facedb/1507097388/1521911558514795064_stereo_right_camera_1.png	1507097388	900	320	200
facedb/1507097388/1521911559093084096_stereo_right_camera_2.png	1507097388	900	320	200
facedb/1507097388/1521911559376378059_stereo_right_camera_3.png	1507097388	900	320	200
facedb/1507097388/1521911559667392015_stereo_right_camera_4.png	1507097388	900	320	200
facedb/1507097388/1521911559940172910_stereo_right_camera_5.png	1507097388	900	320	200
facedb/1507097388/1521911560214131116_stereo_right_camera_6.png	1507097388	900	320	200
facedb/1507097388/1521911560663069009_stereo_right_camera_7.png	1507097388	900	320	200
facedb/1507097388/1521911561007677078_stereo_right_camera_8.png	1507097388	900	320	200
facedb/1507097388/1521911561282191038_stereo_right_camera_9.png	1507097388	900	320	200
