facedb/1322860920/1490231790901585102_stereo_right_camera_0.png	1322860920	424	267	160
facedb/1322860920/1490231790991576910_stereo_right_camera_1.png	1322860920	424	267	160
facedb/1322860920/1490231791057527065_stereo_right_camera_2.png	1322860920	424	267	160
facedb/1322860920/1490231791143143892_stereo_right_camera_3.png	1322860920	424	267	160
facedb/1322860920/1490231791798266887_stereo_right_camera_4.png	1322860920	424	267	160
facedb/1322860920/1490231792478619098_stereo_right_camera_5.png	1322860920	424	267	160
facedb/1322860920/1490231792575375080_stereo_right_camera_6.png	1322860920	424	267	160
facedb/1322860920/1490231792691878080_stereo_right_camera_7.png	1322860920	424	267	160
facedb/1322860920/1490231792857875108_stereo_right_camera_8.png	1322860920	424	267	160
facedb/1322860920/1490231792949680089_stereo_right_camera_9.png	1322860920	424	267	160
