facedb/1906849819/1505674525317959070_stereo_right_camera_0.png	1906849819	508	366	251
facedb/1906849819/1505674525506127119_stereo_right_camera_1.png	1906849819	508	366	251
facedb/1906849819/1505674525704942941_stereo_right_camera_2.png	1906849819	508	366	251
facedb/1906849819/1505674525942300081_stereo_right_camera_3.png	1906849819	508	366	251
facedb/1906849819/1505674526283186912_stereo_right_camera_4.png	1906849819	508	366	251
facedb/1906849819/1505674526780994892_stereo_right_camera_5.png	1906849819	508	366	251
facedb/1906849819/1505674526966003894_stereo_right_camera_6.png	1906849819	508	366	251
facedb/1906849819/1505674527144464969_stereo_right_camera_7.png	1906849819	508	366	251
facedb/1906849819/1505674527361736059_stereo_right_camera_8.png	1906849819	508	366	251
facedb/1906849819/1505674527896644115_stereo_right_camera_9.png	1906849819	508	366	251
