facedb/1510141712/1490233006484911918_stereo_right_camera_0.png	1510141712	513	390	284
facedb/1510141712/1490233006577948093_stereo_right_camera_1.png	1510141712	513	390	284
facedb/1510141712/1490233006656137943_stereo_right_camera_2.png	1510141712	513	390	284
facedb/1510141712/1490233006752310037_stereo_right_camera_3.png	1510141712	513	390	284
facedb/1510141712/1490233006830144882_stereo_right_camera_4.png	1510141712	513	390	284
facedb/1510141712/1490233006830257892_stereo_right_camera_5.png	1510141712	513	390	284
facedb/1510141712/1490233006927073955_stereo_right_camera_6.png	1510141712	513	390	284
facedb/1510141712/1490233007001467943_stereo_right_camera_7.png	1510141712	513	390	284
facedb/1510141712/1490233007100812911_stereo_right_camera_8.png	1510141712	513	390	284
facedb/1510141712/1490233007217555999_stereo_right_camera_9.png	1510141712	513	390	284
