facedb/1610334426/1491139461485332965_stereo_right_camera_0.png	1610334426	524	315	139
facedb/1610334426/1491139461849545001_stereo_right_camera_1.png	1610334426	524	315	139
facedb/1610334426/1491139462116565942_stereo_right_camera_2.png	1610334426	524	315	139
facedb/1610334426/1491139462286844015_stereo_right_camera_3.png	1610334426	524	315	139
facedb/1610334426/1491139462644515991_stereo_right_camera_4.png	1610334426	524	315	139
facedb/1610334426/1491139462876854896_stereo_right_camera_5.png	1610334426	524	315	139
facedb/1610334426/1491139463040801048_stereo_right_camera_6.png	1610334426	524	315	139
facedb/1610334426/1491139463659477949_stereo_right_camera_7.png	1610334426	524	315	139
facedb/1610334426/1491139463863164901_stereo_right_camera_8.png	1610334426	524	315	139
facedb/1610334426/1491139464733508110_stereo_right_camera_9.png	1610334426	524	315	139
