facedb/707946093/1493487606677689075_stereo_right_camera_0.png	707946093	246	120	59
facedb/707946093/1493487606850395917_stereo_right_camera_1.png	707946093	246	120	59
facedb/707946093/1493487607265116930_stereo_right_camera_2.png	707946093	246	120	59
facedb/707946093/1493487607551541090_stereo_right_camera_3.png	707946093	246	120	59
facedb/707946093/1493487607783432960_stereo_right_camera_4.png	707946093	246	120	59
facedb/707946093/1493487607872842073_stereo_right_camera_5.png	707946093	246	120	59
facedb/707946093/1493487608245615005_stereo_right_camera_6.png	707946093	246	120	59
facedb/707946093/1493487608343528985_stereo_right_camera_7.png	707946093	246	120	59
facedb/707946093/1493487608667273998_stereo_right_camera_8.png	707946093	246	120	59
facedb/707946093/1493487608753617048_stereo_right_camera_9.png	707946093	246	120	59
