facedb/481031587/1490466261070806026_stereo_right_camera_0.png	481031587	594	296	75
facedb/481031587/1490466261353622913_stereo_right_camera_1.png	481031587	594	296	75
facedb/481031587/1490466261458465099_stereo_right_camera_2.png	481031587	594	296	75
facedb/481031587/1490466261560817956_stereo_right_camera_3.png	481031587	594	296	75
facedb/481031587/1490466261680916070_stereo_right_camera_4.png	481031587	594	296	75
facedb/481031587/1490466261804557085_stereo_right_camera_5.png	481031587	594	296	75
facedb/481031587/1490466261908137083_stereo_right_camera_6.png	481031587	594	296	75
facedb/481031587/1490466262016279935_stereo_right_camera_7.png	481031587	594	296	75
facedb/481031587/1490466262176115036_stereo_right_camera_8.png	481031587	594	296	75
facedb/481031587/1490466262332247018_stereo_right_camera_9.png	481031587	594	296	75
