facedb/114968821/1493486343872229099_stereo_right_camera_0.png	114968821	386	275	169
facedb/114968821/1493486344138520002_stereo_right_camera_1.png	114968821	386	275	169
facedb/114968821/1493486344269391059_stereo_right_camera_2.png	114968821	386	275	169
facedb/114968821/1493486344554164886_stereo_right_camera_3.png	114968821	386	275	169
facedb/114968821/1493486344676131010_stereo_right_camera_4.png	114968821	386	275	169
facedb/114968821/1493486344948020935_stereo_right_camera_5.png	114968821	386	275	169
facedb/114968821/1493486345073940038_stereo_right_camera_6.png	114968821	386	275	169
facedb/114968821/1493486345495470046_stereo_right_camera_7.png	114968821	386	275	169
facedb/114968821/1493486345743808031_stereo_right_camera_8.png	114968821	386	275	169
facedb/114968821/1493486345860271930_stereo_right_camera_9.png	114968821	386	275	169
