facedb/685918898/1498232475523648977_stereo_left_camera_0.png	685918898	515	294	191
facedb/685918898/1498232475721276044_stereo_left_camera_1.png	685918898	515	294	191
facedb/685918898/1498232476173772096_stereo_left_camera_2.png	685918898	515	294	191
facedb/685918898/1498232476402046918_stereo_left_camera_3.png	685918898	515	294	191
facedb/685918898/1498232476666817903_stereo_left_camera_4.png	685918898	515	294	191
facedb/685918898/1498232476915091991_stereo_left_camera_5.png	685918898	515	294	191
facedb/685918898/1498232477120534896_stereo_left_camera_6.png	685918898	515	294	191
facedb/685918898/1498232477633496999_stereo_left_camera_7.png	685918898	515	294	191
facedb/685918898/1498232478543427944_stereo_left_camera_8.png	685918898	515	294	191
facedb/685918898/1498232479101430892_stereo_left_camera_9.png	685918898	515	294	191
