facedb/797174541/1521907216432400941_stereo_right_camera_0.png	797174541	571	330	178
facedb/797174541/1521907217075412034_stereo_right_camera_1.png	797174541	571	330	178
facedb/797174541/1521907217666497945_stereo_right_camera_2.png	797174541	571	330	178
facedb/797174541/1521907217913414955_stereo_right_camera_3.png	797174541	571	330	178
facedb/797174541/1521907218169049978_stereo_right_camera_4.png	797174541	571	330	178
facedb/797174541/1521907218720946073_stereo_right_camera_5.png	797174541	571	330	178
facedb/797174541/1521907219068845987_stereo_right_camera_6.png	797174541	571	330	178
facedb/797174541/1521907219286818027_stereo_right_camera_7.png	797174541	571	330	178
facedb/797174541/1521907219872576951_stereo_right_camera_8.png	797174541	571	330	178
facedb/797174541/1521907220110698938_stereo_right_camera_9.png	797174541	571	330	178
