facedb/646704335/1523826232333555936_stereo_right_camera_0.png	646704335	639	368	201
facedb/646704335/1523826232624360084_stereo_right_camera_1.png	646704335	639	368	201
facedb/646704335/1523826232833981037_stereo_right_camera_2.png	646704335	639	368	201
facedb/646704335/1523826233100018024_stereo_right_camera_3.png	646704335	639	368	201
facedb/646704335/1523826233425381898_stereo_right_camera_4.png	646704335	639	368	201
facedb/646704335/1523826233711308002_stereo_right_camera_5.png	646704335	639	368	201
facedb/646704335/1523826233918020009_stereo_right_camera_6.png	646704335	639	368	201
facedb/646704335/1523826234212673902_stereo_right_camera_7.png	646704335	639	368	201
facedb/646704335/1523826234517252922_stereo_right_camera_8.png	646704335	639	368	201
facedb/646704335/1523826234715657949_stereo_right_camera_9.png	646704335	639	368	201
