facedb/1391673920/1505671726181593894_stereo_right_camera_0.png	1391673920	485	295	162
facedb/1391673920/1505671726244398117_stereo_right_camera_1.png	1391673920	485	295	162
facedb/1391673920/1505671726842684030_stereo_right_camera_2.png	1391673920	485	295	162
facedb/1391673920/1505671727095160007_stereo_right_camera_3.png	1391673920	485	295	162
facedb/1391673920/1505671727313827037_stereo_right_camera_4.png	1391673920	485	295	162
facedb/1391673920/1505671727505443096_stereo_right_camera_5.png	1391673920	485	295	162
facedb/1391673920/1505671727683350086_stereo_right_camera_6.png	1391673920	485	295	162
facedb/1391673920/1505671727998284101_stereo_right_camera_7.png	1391673920	485	295	162
facedb/1391673920/1505671728076574087_stereo_right_camera_8.png	1391673920	485	295	162
facedb/1391673920/1505671728382870912_stereo_right_camera_9.png	1391673920	485	295	162
