facedb/1130253075/1495666871240763902_stereo_right_camera_0.png	1130253075	420	329	205
facedb/1130253075/1495666871415512084_stereo_right_camera_1.png	1130253075	420	329	205
facedb/1130253075/1495666871648838043_stereo_right_camera_2.png	1130253075	420	329	205
facedb/1130253075/1495666871827832937_stereo_right_camera_3.png	1130253075	420	329	205
facedb/1130253075/1495666871930732011_stereo_right_camera_4.png	1130253075	420	329	205
facedb/1130253075/1495666872191935062_stereo_right_camera_5.png	1130253075	420	329	205
facedb/1130253075/1495666872270000934_stereo_right_camera_6.png	1130253075	420	329	205
facedb/1130253075/1495666872501231908_stereo_right_camera_7.png	1130253075	420	329	205
facedb/1130253075/1495666872748087882_stereo_right_camera_8.png	1130253075	420	329	205
facedb/1130253075/1495666872818912029_stereo_right_camera_9.png	1130253075	420	329	205
