facedb/1229006018/1487207393858762979_stereo_left_camera_0.png	1229006018	622	390	288
facedb/1229006018/1487207393986810922_stereo_left_camera_1.png	1229006018	622	390	288
facedb/1229006018/1487207394102924108_stereo_left_camera_2.png	1229006018	622	390	288
facedb/1229006018/1487207394187735080_stereo_left_camera_3.png	1229006018	622	390	288
facedb/1229006018/1487207394282903909_stereo_left_camera_4.png	1229006018	622	390	288
facedb/1229006018/1487207395151541948_stereo_left_camera_5.png	1229006018	622	390	288
facedb/1229006018/1487207395242782115_stereo_left_camera_6.png	1229006018	622	390	288
facedb/1229006018/1487207395351886987_stereo_left_camera_7.png	1229006018	622	390	288
facedb/1229006018/1487207395460594892_stereo_left_camera_8.png	1229006018	622	390	288
facedb/1229006018/1487207395570461034_stereo_left_camera_9.png	1229006018	622	390	288
