facedb/244610646/1490465970553419113_stereo_left_camera_0.png	244610646	669	486	304
facedb/244610646/1490465970655560016_stereo_left_camera_1.png	244610646	669	486	304
facedb/244610646/1490465970812432050_stereo_left_camera_2.png	244610646	669	486	304
facedb/244610646/1490465970902709960_stereo_left_camera_3.png	244610646	669	486	304
facedb/244610646/1490465971004398107_stereo_left_camera_4.png	244610646	669	486	304
facedb/244610646/1490465971109606981_stereo_left_camera_5.png	244610646	669	486	304
facedb/244610646/1490465971207264900_stereo_left_camera_6.png	244610646	669	486	304
facedb/244610646/1490465971308885097_stereo_left_camera_7.png	244610646	669	486	304
facedb/244610646/1490465971409322023_stereo_left_camera_8.png	244610646	669	486	304
facedb/244610646/1490465971497904062_stereo_left_camera_9.png	244610646	669	486	304
