facedb/1802007286/1487207396881788015_stereo_left_camera_0.png	1802007286	436	225	135
facedb/1802007286/1487207397165510892_stereo_left_camera_1.png	1802007286	436	225	135
facedb/1802007286/1487207397363322973_stereo_left_camera_2.png	1802007286	436	225	135
facedb/1802007286/1487207397447727918_stereo_left_camera_3.png	1802007286	436	225	135
facedb/1802007286/1487207397539772033_stereo_left_camera_4.png	1802007286	436	225	135
facedb/1802007286/1487207397634354114_stereo_left_camera_5.png	1802007286	436	225	135
facedb/1802007286/1487207397731425046_stereo_left_camera_6.png	1802007286	436	225	135
facedb/1802007286/1487207397823862075_stereo_left_camera_7.png	1802007286	436	225	135
facedb/1802007286/1487207398019166946_stereo_left_camera_8.png	1802007286	436	225	135
facedb/1802007286/1487207398132853031_stereo_left_camera_9.png	1802007286	436	225	135
