facedb/1211604789/1491079695387964963_stereo_right_camera_0.png	1211604789	468	234	120
facedb/1211604789/1491079695486340045_stereo_right_camera_1.png	1211604789	468	234	120
facedb/1211604789/1491079695715811014_stereo_right_camera_2.png	1211604789	468	234	120
facedb/1211604789/1491079695816035032_stereo_right_camera_3.png	1211604789	468	234	120
facedb/1211604789/1491079696017568111_stereo_right_camera_4.png	1211604789	468	234	120
facedb/1211604789/1491079696212897062_stereo_right_camera_5.png	1211604789	468	234	120
facedb/1211604789/1491079696293504953_stereo_right_camera_6.png	1211604789	468	234	120
facedb/1211604789/1491079696551060914_stereo_right_camera_7.png	1211604789	468	234	120
facedb/1211604789/1491079696683686971_stereo_right_camera_8.png	1211604789	468	234	120
facedb/1211604789/1491079696999320030_stereo_right_camera_9.png	1211604789	468	234	120
