facedb/1062230708/1491072546901781082_stereo_right_camera_0.png	1062230708	557	345	233
facedb/1062230708/1491072547309297084_stereo_right_camera_1.png	1062230708	557	345	233
facedb/1062230708/1491072547572283029_stereo_right_camera_2.png	1062230708	557	345	233
facedb/1062230708/1491072548047318935_stereo_right_camera_3.png	1062230708	557	345	233
facedb/1062230708/1491072548206094026_stereo_right_camera_4.png	1062230708	557	345	233
facedb/1062230708/1491072548284096002_stereo_right_camera_5.png	1062230708	557	345	233
facedb/1062230708/1491072548497293949_stereo_right_camera_6.png	1062230708	557	345	233
facedb/1062230708/1491072548736876964_stereo_right_camera_7.png	1062230708	557	345	233
facedb/1062230708/1491072549137000083_stereo_right_camera_8.png	1062230708	557	345	233
facedb/1062230708/1491072549585231065_stereo_right_camera_9.png	1062230708	557	345	233
