facedb/1055281925/1495666873319572925_stereo_right_camera_0.png	1055281925	491	362	277
facedb/1055281925/1495666873443994998_stereo_right_camera_1.png	1055281925	491	362	277
facedb/1055281925/1495666873631252050_stereo_right_camera_2.png	1055281925	491	362	277
facedb/1055281925/1495666873813637971_stereo_right_camera_3.png	1055281925	491	362	277
facedb/1055281925/1495666874085824012_stereo_right_camera_4.png	1055281925	491	362	277
facedb/1055281925/1495666874269455909_stereo_right_camera_5.png	1055281925	491	362	277
facedb/1055281925/1495666874439876079_stereo_right_camera_6.png	1055281925	491	362	277
facedb/1055281925/1495666874602482080_stereo_right_camera_7.png	1055281925	491	362	277
facedb/1055281925/1495666874789177894_stereo_right_camera_8.png	1055281925	491	362	277
facedb/1055281925/1495666874870918989_stereo_right_camera_9.png	1055281925	491	362	277
