facedb/511849034/1491084581431495904_stereo_right_camera_0.png	511849034	581	295	93
facedb/511849034/1491084581616296052_stereo_right_camera_1.png	511849034	581	295	93
facedb/511849034/1491084581719366073_stereo_right_camera_2.png	511849034	581	295	93
facedb/511849034/1491084581931971073_stereo_right_camera_3.png	511849034	581	295	93
facedb/511849034/1491084582155169963_stereo_right_camera_4.png	511849034	581	295	93
facedb/511849034/1491084582351208925_stereo_right_camera_5.png	511849034	581	295	93
facedb/511849034/1491084582454667091_stereo_right_camera_6.png	511849034	581	295	93
facedb/511849034/1491084582728836059_stereo_right_camera_7.png	511849034	581	295	93
facedb/511849034/1491084583012290000_stereo_right_camera_8.png	511849034	581	295	93
facedb/511849034/1491084583718076944_stereo_right_camera_9.png	511849034	581	295	93
