facedb/100010924/1490233014270740985_stereo_right_camera_0.png	100010924	548	365	257
facedb/100010924/1490233014450705051_stereo_right_camera_1.png	100010924	548	365	257
facedb/100010924/1490233014543129920_stereo_right_camera_2.png	100010924	548	365	257
facedb/100010924/1490233014805020093_stereo_right_camera_3.png	100010924	548	365	257
facedb/100010924/1490233014938400983_stereo_right_camera_4.png	100010924	548	365	257
facedb/100010924/1490233015036885976_stereo_right_camera_5.png	100010924	548	365	257
facedb/100010924/1490233015105674028_stereo_right_camera_6.png	100010924	548	365	257
facedb/100010924/1490233015190300941_stereo_right_camera_7.png	100010924	548	365	257
facedb/100010924/1490233015274924039_stereo_right_camera_8.png	100010924	548	365	257
facedb/100010924/1490233015356340885_stereo_right_camera_9.png	100010924	548	365	257
