facedb/443771987/1497719775030210971_stereo_left_camera_0.png	443771987	554	322	198
facedb/443771987/1497719775327912092_stereo_left_camera_1.png	443771987	554	322	198
facedb/443771987/1497719775438031911_stereo_left_camera_2.png	443771987	554	322	198
facedb/443771987/1497719775646847009_stereo_left_camera_3.png	443771987	554	322	198
facedb/443771987/1497719776253161907_stereo_left_camera_4.png	443771987	554	322	198
facedb/443771987/1497719776463506937_stereo_left_camera_5.png	443771987	554	322	198
facedb/443771987/1497719776648705959_stereo_left_camera_6.png	443771987	554	322	198
facedb/443771987/1497719776857858896_stereo_left_camera_7.png	443771987	554	322	198
facedb/443771987/1497719777055778980_stereo_left_camera_8.png	443771987	554	322	198
facedb/443771987/1497719777221710920_stereo_left_camera_9.png	443771987	554	322	198
