facedb/1552390065/1493487600172593116_stereo_right_camera_0.png	1552390065	346	249	171
facedb/1552390065/1493487600382566928_stereo_right_camera_1.png	1552390065	346	249	171
facedb/1552390065/1493487600541764974_stereo_right_camera_2.png	1552390065	346	249	171
facedb/1552390065/1493487600706053972_stereo_right_camera_3.png	1552390065	346	249	171
facedb/1552390065/1493487600959778070_stereo_right_camera_4.png	1552390065	346	249	171
facedb/1552390065/1493487601067660093_stereo_right_camera_5.png	1552390065	346	249	171
facedb/1552390065/1493487601228327989_stereo_right_camera_6.png	1552390065	346	249	171
facedb/1552390065/1493487601477952957_stereo_right_camera_7.png	1552390065	346	249	171
facedb/1552390065/1493487601633640050_stereo_right_camera_8.png	1552390065	346	249	171
facedb/1552390065/1493487601789886951_stereo_right_camera_9.png	1552390065	346	249	171
