facedb/1758534381/1491060093530738115_stereo_right_camera_0.png	1758534381	374	172	50
facedb/1758534381/1491060094232502937_stereo_right_camera_1.png	1758534381	374	172	50
facedb/1758534381/1491060094316659927_stereo_right_camera_2.png	1758534381	374	172	50
facedb/1758534381/1491060094401845932_stereo_right_camera_3.png	1758534381	374	172	50
facedb/1758534381/1491060094499170064_stereo_right_camera_4.png	1758534381	374	172	50
facedb/1758534381/1491060094691956996_stereo_right_camera_5.png	1758534381	374	172	50
facedb/1758534381/1491060094783046960_stereo_right_camera_6.png	1758534381	374	172	50
facedb/1758534381/1491060094874497890_stereo_right_camera_7.png	1758534381	374	172	50
facedb/1758534381/1491060094986093997_stereo_right_camera_8.png	1758534381	374	172	50
facedb/1758534381/1491060095256836891_stereo_right_camera_9.png	1758534381	374	172	50
