facedb/164102760/1521906572112816095_stereo_right_camera_0.png	164102760	548	347	158
facedb/164102760/1521906572195230960_stereo_right_camera_1.png	164102760	548	347	158
facedb/164102760/1521906572559983968_stereo_right_camera_2.png	164102760	548	347	158
facedb/164102760/1521906572830933094_stereo_right_camera_3.png	164102760	548	347	158
facedb/164102760/1521906573078093051_stereo_right_camera_4.png	164102760	548	347	158
facedb/164102760/1521906573331120967_stereo_right_camera_5.png	164102760	548	347	158
facedb/164102760/1521906573564361095_stereo_right_camera_6.png	164102760	548	347	158
facedb/164102760/1521906573806664943_stereo_right_camera_7.png	164102760	548	347	158
facedb/164102760/1521906574064204931_stereo_right_camera_8.png	164102760	548	347	158
facedb/164102760/1521906574433017969_stereo_right_camera_9.png	164102760	548	347	158
