facedb/659696776/1521904667262142896_stereo_right_camera_0.png	659696776	493	306	205
facedb/659696776/1521904667543730020_stereo_right_camera_1.png	659696776	493	306	205
facedb/659696776/1521904667750947952_stereo_right_camera_2.png	659696776	493	306	205
facedb/659696776/1521904668058415889_stereo_right_camera_3.png	659696776	493	306	205
facedb/659696776/1521904668325642108_stereo_right_camera_4.png	659696776	493	306	205
facedb/659696776/1521904668644695043_stereo_right_camera_5.png	659696776	493	306	205
facedb/659696776/1521904668956921100_stereo_right_camera_6.png	659696776	493	306	205
facedb/659696776/1521904669411592960_stereo_right_camera_7.png	659696776	493	306	205
facedb/659696776/1521904669699268102_stereo_right_camera_8.png	659696776	493	306	205
facedb/659696776/1521904669999039888_stereo_right_camera_9.png	659696776	493	306	205
