facedb/1521685079/1490469260598373889_stereo_right_camera_0.png	1521685079	604	387	250
facedb/1521685079/1490469260870261907_stereo_right_camera_1.png	1521685079	604	387	250
facedb/1521685079/1490469260968110084_stereo_right_camera_2.png	1521685079	604	387	250
facedb/1521685079/1490469261359612941_stereo_right_camera_3.png	1521685079	604	387	250
facedb/1521685079/1490469261969214916_stereo_right_camera_4.png	1521685079	604	387	250
facedb/1521685079/1490469262071450948_stereo_right_camera_5.png	1521685079	604	387	250
facedb/1521685079/1490469262166840076_stereo_right_camera_6.png	1521685079	604	387	250
facedb/1521685079/1490469262605782985_stereo_right_camera_7.png	1521685079	604	387	250
facedb/1521685079/1490469262846193075_stereo_right_camera_8.png	1521685079	604	387	250
facedb/1521685079/1490469262972109079_stereo_right_camera_9.png	1521685079	604	387	250
