facedb/662121087/1491064242428416013_stereo_right_camera_0.png	662121087	508	262	139
facedb/662121087/1491064242605314016_stereo_right_camera_1.png	662121087	508	262	139
facedb/662121087/1491064242707253932_stereo_right_camera_2.png	662121087	508	262	139
facedb/662121087/1491064242896408081_stereo_right_camera_3.png	662121087	508	262	139
facedb/662121087/1491064243056018114_stereo_right_camera_4.png	662121087	508	262	139
facedb/662121087/1491064243129025936_stereo_right_camera_5.png	662121087	508	262	139
facedb/662121087/1491064243301507949_stereo_right_camera_6.png	662121087	508	262	139
facedb/662121087/1491064243386645078_stereo_right_camera_7.png	662121087	508	262	139
facedb/662121087/1491064243565875053_stereo_right_camera_8.png	662121087	508	262	139
facedb/662121087/1491064243649857044_stereo_right_camera_9.png	662121087	508	262	139
