facedb/101004240/1523824034061378002_stereo_right_camera_0.png	101004240	682	437	232
facedb/101004240/1523824035017277002_stereo_right_camera_1.png	101004240	682	437	232
facedb/101004240/1523824035461642980_stereo_right_camera_2.png	101004240	682	437	232
facedb/101004240/1523824035760922908_stereo_right_camera_3.png	101004240	682	437	232
facedb/101004240/1523824036161931037_stereo_right_camera_4.png	101004240	682	437	232
facedb/101004240/1523824036420785903_stereo_right_camera_5.png	101004240	682	437	232
facedb/101004240/1523824036762168884_stereo_right_camera_6.png	101004240	682	437	232
facedb/101004240/1523824036980987071_stereo_right_camera_7.png	101004240	682	437	232
facedb/101004240/1523824037585594892_stereo_right_camera_8.png	101004240	682	437	232
facedb/101004240/1523824037844146966_stereo_right_camera_9.png	101004240	682	437	232
