facedb/1525362642/1490232953839066982_stereo_right_camera_0.png	1525362642	433	270	170
facedb/1525362642/1490232954700144052_stereo_right_camera_1.png	1525362642	433	270	170
facedb/1525362642/1490232954802546024_stereo_right_camera_2.png	1525362642	433	270	170
facedb/1525362642/1490232954895263910_stereo_right_camera_3.png	1525362642	433	270	170
facedb/1525362642/1490232955248019933_stereo_right_camera_4.png	1525362642	433	270	170
facedb/1525362642/1490232955427007913_stereo_right_camera_5.png	1525362642	433	270	170
facedb/1525362642/1490232955504800081_stereo_right_camera_6.png	1525362642	433	270	170
facedb/1525362642/1490232955692300081_stereo_right_camera_7.png	1525362642	433	270	170
facedb/1525362642/1490232955801152944_stereo_right_camera_8.png	1525362642	433	270	170
facedb/1525362642/1490232956562623977_stereo_right_camera_9.png	1525362642	433	270	170
