facedb/259394559/1490232993767791986_stereo_right_camera_0.png	259394559	504	352	226
facedb/259394559/1490232993867938041_stereo_right_camera_1.png	259394559	504	352	226
facedb/259394559/1490232993952142953_stereo_right_camera_2.png	259394559	504	352	226
facedb/259394559/1490232994032414913_stereo_right_camera_3.png	259394559	504	352	226
facedb/259394559/1490232994218769073_stereo_right_camera_4.png	259394559	504	352	226
facedb/259394559/1490232994282783985_stereo_right_camera_5.png	259394559	504	352	226
facedb/259394559/1490232994462889909_stereo_right_camera_6.png	259394559	504	352	226
facedb/259394559/1490232994699785947_stereo_right_camera_7.png	259394559	504	352	226
facedb/259394559/1490232994872176885_stereo_right_camera_8.png	259394559	504	352	226
facedb/259394559/1490232994974575042_stereo_right_camera_9.png	259394559	504	352	226
