facedb/667526616/1490830271998718023_stereo_right_camera_0.png	667526616	631	402	118
facedb/667526616/1490830272605284929_stereo_right_camera_1.png	667526616	631	402	118
facedb/667526616/1490830272856945037_stereo_right_camera_2.png	667526616	631	402	118
facedb/667526616/1490830272936350107_stereo_right_camera_3.png	667526616	631	402	118
facedb/667526616/1490830273021002054_stereo_right_camera_4.png	667526616	631	402	118
facedb/667526616/1490830273266453027_stereo_right_camera_5.png	667526616	631	402	118
facedb/667526616/1490830273357198953_stereo_right_camera_6.png	667526616	631	402	118
facedb/667526616/1490830273450115919_stereo_right_camera_7.png	667526616	631	402	118
facedb/667526616/1490830273632927894_stereo_right_camera_8.png	667526616	631	402	118
facedb/667526616/1490830273707437038_stereo_right_camera_9.png	667526616	631	402	118
