facedb/1511850049/1490465073567101955_stereo_right_camera_0.png	1511850049	599	412	267
facedb/1511850049/1490465073710968017_stereo_right_camera_1.png	1511850049	599	412	267
facedb/1511850049/1490465073711118936_stereo_right_camera_2.png	1511850049	599	412	267
facedb/1511850049/1490465073845841884_stereo_right_camera_3.png	1511850049	599	412	267
facedb/1511850049/1490465073993446111_stereo_right_camera_4.png	1511850049	599	412	267
facedb/1511850049/1490465074132298946_stereo_right_camera_5.png	1511850049	599	412	267
facedb/1511850049/1490465074251933097_stereo_right_camera_6.png	1511850049	599	412	267
facedb/1511850049/1490465074396450996_stereo_right_camera_7.png	1511850049	599	412	267
facedb/1511850049/1490465074540000915_stereo_right_camera_8.png	1511850049	599	412	267
facedb/1511850049/1490465074697622060_stereo_right_camera_9.png	1511850049	599	412	267
