facedb/1225712879/1493484667897943019_stereo_right_camera_0.png	1225712879	563	430	302
facedb/1225712879/1493484668270234107_stereo_right_camera_1.png	1225712879	563	430	302
facedb/1225712879/1493484668734528064_stereo_right_camera_2.png	1225712879	563	430	302
facedb/1225712879/1493484668891340017_stereo_right_camera_3.png	1225712879	563	430	302
facedb/1225712879/1493484669048345088_stereo_right_camera_4.png	1225712879	563	430	302
facedb/1225712879/1493484669200195074_stereo_right_camera_5.png	1225712879	563	430	302
facedb/1225712879/1493484669358599901_stereo_right_camera_6.png	1225712879	563	430	302
facedb/1225712879/1493484669902098894_stereo_right_camera_7.png	1225712879	563	430	302
facedb/1225712879/1493484670187772989_stereo_right_camera_8.png	1225712879	563	430	302
facedb/1225712879/1493484670358769893_stereo_right_camera_9.png	1225712879	563	430	302
