facedb/551086111/1491062168109752893_stereo_right_camera_0.png	551086111	582	309	182
facedb/551086111/1491062168222304105_stereo_right_camera_1.png	551086111	582	309	182
facedb/551086111/1491062168566576004_stereo_right_camera_2.png	551086111	582	309	182
facedb/551086111/1491062168908304929_stereo_right_camera_3.png	551086111	582	309	182
facedb/551086111/1491062169026685953_stereo_right_camera_4.png	551086111	582	309	182
facedb/551086111/1491062169144434928_stereo_right_camera_5.png	551086111	582	309	182
facedb/551086111/1491062169264250993_stereo_right_camera_6.png	551086111	582	309	182
facedb/551086111/1491062169395523071_stereo_right_camera_7.png	551086111	582	309	182
facedb/551086111/1491062169521363973_stereo_right_camera_8.png	551086111	582	309	182
facedb/551086111/1491062169625643014_stereo_right_camera_9.png	551086111	582	309	182
