facedb/1991634014/1493487033331008911_stereo_right_camera_0.png	1991634014	474	293	174
facedb/1991634014/1493487033650944948_stereo_right_camera_1.png	1991634014	474	293	174
facedb/1991634014/1493487033827019929_stereo_right_camera_2.png	1991634014	474	293	174
facedb/1991634014/1493487033916426897_stereo_right_camera_3.png	1991634014	474	293	174
facedb/1991634014/1493487034129144906_stereo_right_camera_4.png	1991634014	474	293	174
facedb/1991634014/1493487034214112043_stereo_right_camera_5.png	1991634014	474	293	174
facedb/1991634014/1493487034557934045_stereo_right_camera_6.png	1991634014	474	293	174
facedb/1991634014/1493487034670675992_stereo_right_camera_7.png	1991634014	474	293	174
facedb/1991634014/1493487034951330900_stereo_right_camera_8.png	1991634014	474	293	174
facedb/1991634014/1493487035136214971_stereo_right_camera_9.png	1991634014	474	293	174
